92200000,'23466',1430,,8918,0,,,1,215,,8919,0,,,1
92200000,'23467',1515,,27,0,,,1,215,,28,0,,,1
92200000,'23468',1615,,29,0,,,1,200,,30,0,,,1
92200000,'23469',730,,31,0,,,1,970,,32,0,,,1,200,,33,0,,,1
92200000,'23470',815,,34,0,,,1,985,,35,0,,,1,200,,36,0,,,1
92200000,'23471',900,,37,0,,,1,945,,38,0,,,1,255,,39,0,,,1
92200000,'23472',815,,40,0,,,1,130,,41,0,,,1,1000,,42,0,,,1,255,,43,0,,,1
92200000,'23473',800,,44,0,,,1,215,,45,0,,,1,1030,,46,0,,,1
92200000,'23474',930,,47,0,,,1,170,,48,0,,,1,1030,,49,0,,,1
92200000,'23475',1115,,50,0,,,1,1100,,51,0,,,1
92200000,'23476',2300,,52,0,,,1
92200000,'23480',1515,,53,0,,,1
92200000,'23481',1600,,54,0,,,1
92200000,'23482',1700,,55,0,,,1
92200000,'23483',1615,,56,0,,,1,130,,57,0,,,1
92200000,'23484',1700,,58,0,,,1,130,,59,0,,,1
92200000,'23485',1745,,60,0,,,1,170,,61,0,,,1
92200000,'23486',815,,62,0,,,1,1015,,63,0,,,1,170,,64,0,,,1
92200000,'23487',715,,65,0,,,1,130,,66,0,,,1,1000,,67,0,,,1
92200000,'23488',915,,68,0,,,1,1015,,69,0,,,1,215,,70,0,,,1
92200000,'23489',815,,71,0,,,1,130,,72,0,,,1,1070,,73,0,,,1,130,,74,0,,,1
92200000,'23490',1015,,75,0,,,1,1085,,76,0,,,1,130,,77,0,,,1
92200000,'23491',1115,,78,0,,,1,1085,,79,0,,,1
92200000,'23492',1230,,80,0,,,1
92200000,'23493',1345,,81,0,,,1
92200000,'23494',1345,,82,0,,,1,170,,83,0,,,1
92200000,'23495',1430,,84,0,,,1,170,,85,0,,,1
92200000,'23496',1515,,86,0,,,1,200,,87,0,,,1
92200000,'23497',1600,,88,0,,,1,215,,89,0,,,1
92200000,'23498',1630,,90,0,,,1,270,,91,0,,,1
92200000,'23499',745,,92,0,,,1,1085,,93,0,,,1,170,,94,0,,,1
92200000,'23500',830,,95,0,,,1,970,,96,0,,,1,230,,97,0,,,1
92200000,'23501',900,,98,0,,,1,945,,99,0,,,1
92200000,'23502',730,,100,0,,,1,200,,101,0,,,1,1000,,102,0,,,1,170,,103,0,,,1,130,,104,0,,,1
92200000,'23503',915,,105,0,,,1,1115,,106,0,,,1,170,,107,0,,,1
92200000,'23504',2130,,108,0,,,1
92200000,'23505',2230,,109,0,,,1
92200000,'23509',1500,,110,0,,,1
92200000,'23510',1545,,111,0,,,1
92200000,'23511',1545,,113,0,,,1,100,,112,0,,,1,100,,114,0,,,1
92200000,'23513',1700,,115,0,,,1,130,,116,0,,,1
92200000,'23514',1730,,117,0,,,1,170,,118,0,,,1
92200000,'23515',745,,119,0,,,1,970,,120,0,,,1
92200000,'23516',745,,121,0,,,1,1000,,122,0,,,1,170,,123,0,,,1,130,,124,0,,,1
92200000,'23517',830,,125,0,,,1,1000,,126,0,,,1,170,,127,0,,,1,130,,128,0,,,1
92200000,'23518',900,,129,0,,,1,1030,,130,0,,,1,170,,131,0,,,1,130,,132,0,,,1
92200000,'23519',2030,,133,0,,,1,170,,134,0,,,1
92200000,'23520',2145,,135,0,,,1
92200000,'23522',1330,,136,0,,,1
92200000,'23523',1330,,137,0,,,1,170,,138,0,,,1
92200000,'23524',1415,,139,0,,,1,130,,140,0,,,1
92200000,'23525',1445,,141,0,,,1,270,,142,0,,,1
92200000,'23526',1530,,143,0,,,1,270,,144,0,,,1
92200000,'23527',1600,,145,0,,,1,130,,146,0,,,1,170,,147,0,,,1
92200000,'23528',1630,,148,0,,,1,170,,149,0,,,1,130,,150,0,,,1
92200000,'23529',745,,151,0,,,1,970,,152,0,,,1,130,,153,0,,,1
92200000,'23530',800,,154,0,,,1,945,,155,0,,,1,170,,156,0,,,1,130,,157,0,,,1
92200000,'23531',815,,158,0,,,1,1015,,159,0,,,1,170,,160,0,,,1,130,,161,0,,,1
92200000,'23532',1930,,162,0,,,1,170,,163,0,,,1
92200000,'23533',2045,,164,0,,,1,170,,165,0,,,1
92200000,'23534',2215,,166,0,,,1
92200000,'23538',1445,,167,0,,,1
92200000,'23539',1430,,168,0,,,1,170,,169,0,,,1
92200000,'23540',1445,,170,0,,,1,200,,171,0,,,1
92200000,'23541',1500,,172,0,,,1,230,,173,0,,,1
92200000,'23542',1530,,174,0,,,1,285,,175,0,,,1
92200000,'23543',1600,,176,0,,,1,130,,177,0,,,1,170,,178,0,,,1
92200000,'23544',1630,,179,0,,,1,170,,180,0,,,1,130,,181,0,,,1
92200000,'23545',730,,182,0,,,1,970,,183,0,,,1,200,,184,0,,,1,130,,185,0,,,1
92200000,'23546',800,,186,0,,,1,1000,,187,0,,,1,130,,188,0,,,1,170,,189,0,,,1
92200000,'23547',1900,,190,0,,,1,130,,191,0,,,1,170,,192,0,,,1
92200000,'23548',2015,,193,0,,,1,130,,194,0,,,1
92200000,'23549',2145,,195,0,,,1
92200000,'23551',1345,,196,0,,,1
92200000,'23552',1315,,197,0,,,1,130,,198,0,,,1
92200000,'23553',1345,,199,0,,,1,270,,200,0,,,1
92200000,'23554',1530,,201,0,,,1,170,,202,0,,,1
92200000,'23555',1445,,203,0,,,1,170,,204,0,,,1,130,,205,0,,,1
92200000,'23556',1515,,206,0,,,1,130,,207,0,,,1,170,,208,0,,,1
92200000,'23557',1545,,209,0,,,1,170,,210,0,,,1,130,,211,0,,,1
92200000,'23558',1615,,212,0,,,1,130,,213,0,,,1,170,,214,0,,,1
92200000,'23559',715,,215,0,,,1,985,,216,0,,,1,130,,217,0,,,1,170,,218,0,,,1
92200000,'23560',715,,219,0,,,1,1030,,220,0,,,1,170,,221,0,,,1,130,,222,0,,,1
92200000,'23561',1845,,223,0,,,1,170,,224,0,,,1,130,,225,0,,,1
92200000,'23562',2000,,226,0,,,1,130,,227,0,,,1
92200000,'23563',2130,,228,0,,,1
92200000,'23566',1330,,229,0,,,1
92200000,'23567',1315,,230,0,,,1,130,,231,0,,,1
92200000,'23568',1330,,232,0,,,1,215,,233,0,,,1
92200000,'23569',1445,,234,0,,,1,170,,235,0,,,1
92200000,'23570',1415,,236,0,,,1,130,,237,0,,,1,170,,238,0,,,1
92200000,'23571',1445,,239,0,,,1,170,,240,0,,,1,130,,241,0,,,1
92200000,'23572',1515,,242,0,,,1,200,,243,0,,,1,130,,244,0,,,1
92200000,'23573',1545,,245,0,,,1,255,,246,0,,,1,130,,247,0,,,1
92200000,'23574',1630,,248,0,,,1,200,,249,0,,,1,170,,250,0,,,1
92200000,'23575',1730,,251,0,,,1,215,,252,0,,,1,170,,253,0,,,1
92200000,'23576',800,,254,0,,,1,1115,,255,0,,,1,130,,256,0,,,1,170,,257,0,,,1
92200000,'23577',2015,,258,0,,,1,130,,259,0,,,1
92200000,'23578',2130,,260,0,,,1
92200000,'23579',1230,,261,0,,,1
92200000,'23580',1215,,262,0,,,1,185,,263,0,,,1
92200000,'23581',1245,,264,0,,,1,255,,265,0,,,1
92200000,'23582',1315,,266,0,,,1,230,,267,0,,,1
92200000,'23583',1330,,268,0,,,1,170,,269,0,,,1,130,,270,0,,,1
92200000,'23584',1415,,271,0,,,1,130,,272,0,,,1,170,,273,0,,,1
92200000,'23585',1430,,274,0,,,1,200,,275,0,,,1,170,,276,0,,,1
92200000,'23586',1500,,277,0,,,1,200,,278,0,,,1,130,,279,0,,,1
92200000,'23587',1545,,280,0,,,1,185,,281,0,,,1,170,,282,0,,,1
92200000,'23588',1615,,283,0,,,1,130,,284,0,,,1,170,,285,0,,,1
92200000,'23589',1700,,286,0,,,1,130,,287,0,,,1,170,,288,0,,,1
92200000,'23590',1800,,289,0,,,1,130,,290,0,,,1,170,,291,0,,,1
92200000,'23591',1915,,292,0,,,1,230,,293,0,,,1
92200000,'23592',2045,,294,0,,,1,170,,295,0,,,1
92200000,'23593',2215,,296,0,,,1
92200000,'23595',1315,,297,0,,,1
92200000,'23596',1215,,298,0,,,1,215,,299,0,,,1
92200000,'23597',1230,,300,0,,,1,170,,301,0,,,1,130,,302,0,,,1
92200000,'23598',1315,,303,0,,,1,130,,304,0,,,1,170,,305,0,,,1
92200000,'23599',1330,,306,0,,,1,200,,307,0,,,1,170,,308,0,,,1
92200000,'23600',1400,,309,0,,,1,215,,310,0,,,1,130,,311,0,,,1
92200000,'23601',1445,,312,0,,,1,255,,313,0,,,1,130,,314,0,,,1
92200000,'23602',1530,,315,0,,,1,200,,316,0,,,1,170,,317,0,,,1
92200000,'23603',1615,,318,0,,,1,230,,319,0,,,1,170,,320,0,,,1
92200000,'23604',1800,,321,0,,,1,130,,322,0,,,1,170,,323,0,,,1
92200000,'23605',1800,,324,0,,,1,130,,325,0,,,1,170,,326,0,,,1
92200000,'23606',800,,327,0,,,1,1100,,328,0,,,1,130,,329,0,,,1,170,,330,0,,,1
92200000,'23607',1000,,331,0,,,1,1030,,332,0,,,1,170,,333,0,,,1
92200000,'23608',945,,334,0,,,1,170,,335,0,,,1,1030,,336,0,,,1
92200000,'23609',1030,,337,0,,,1,215,,338,0,,,1
92200000,'23610',1100,,339,0,,,1,230,,340,0,,,1
92200000,'23611',1130,,341,0,,,1,170,,342,0,,,1,130,,343,0,,,1
92200000,'23612',1200,,344,0,,,1,200,,345,0,,,1,130,,346,0,,,1
92200000,'23613',1230,,347,0,,,1,200,,348,0,,,1,170,,349,0,,,1
92200000,'23614',1300,,350,0,,,1,200,,351,0,,,1,130,,352,0,,,1
92200000,'23615',1345,,353,0,,,1,185,,354,0,,,1,170,,355,0,,,1
92200000,'23616',1415,,356,0,,,1,185,,357,0,,,1,130,,358,0,,,1
92200000,'23617',1500,,359,0,,,1,145,,360,0,,,1,170,,361,0,,,1
92200000,'23618',1530,,362,0,,,1,170,,363,0,,,1,130,,364,0,,,1
92200000,'23619',1630,,365,0,,,1,170,,366,0,,,1,130,,367,0,,,1
92200000,'23620',1730,,368,0,,,1,270,,369,0,,,1
92200000,'23621',1900,,370,0,,,1,130,,371,0,,,1
92200000,'23622',2015,,372,0,,,1,130,,373,0,,,1
92200000,'23623',1015,,374,0,,,1,1115,,375,0,,,1
92200000,'23624',945,,376,0,,,1,200,,377,0,,,1,1085,,378,0,,,1
92200000,'23625',1015,,379,0,,,1,130,,380,0,,,1
92200000,'23626',0,,384,0,,,1,1045,,381,0,,,1,170,,382,0,,,1,130,,383,0,,,1
92200000,'23627',1115,,385,0,,,1,130,,386,0,,,1,170,,387,0,,,1
92200000,'23628',1200,,388,0,,,1,200,,389,0,,,1,130,,390,0,,,1
92200000,'23629',1245,,391,0,,,1,200,,392,0,,,1,170,,393,0,,,1
92200000,'23630',1330,,394,0,,,1,215,,395,0,,,1,170,,396,0,,,1
92200000,'23631',1415,,397,0,,,1,215,,398,0,,,1,170,,399,0,,,1
92200000,'23632',1545,,400,0,,,1,170,,401,0,,,1,130,,402,0,,,1
92200000,'23633',1645,,403,0,,,1,170,,404,0,,,1,130,,405,0,,,1
92200000,'23634',1730,,406,0,,,1,170,,407,0,,,1,130,,408,0,,,1
92200001,'23710',1415,,8920,1,4,,1,130,,8921,1,4,,1
92200001,'23711',1500,,411,1,4,,1,215,,412,1,4,,1
92200001,'23712',1600,,413,1,4,,1,200,,414,1,4,,1
92200001,'23713',715,,415,1,4,,1,930,,416,1,4,,1,200,,417,1,4,,1
92200001,'23714',800,,418,1,4,,1,945,,419,1,4,,1,200,,420,1,4,,1
92200001,'23715',845,,421,1,4,,1,985,,422,1,4,,1,215,,423,1,4,,1
92200001,'23716',800,,424,1,4,,1,130,,425,1,4,,1,1000,,426,1,4,,1,215,,427,1,4,,1
92200001,'23717',745,,428,1,4,,1,255,,429,1,4,,1,1030,,430,1,4,,1
92200001,'23718',915,,431,1,4,,1,130,,432,1,4,,1,1070,,433,1,4,,1
92200001,'23719',1100,,434,1,4,,1,1100,,435,1,4,,1
92200001,'23720',2245,,436,1,4,,1
92200001,'23724',1500,,437,1,4,,1
92200001,'23725',1515,,438,1,4,,1
92200001,'23726',1545,,439,1,4,,1
92200001,'23727',1600,,440,1,4,,1,130,,441,1,4,,1
92200001,'23728',1645,,442,1,4,,1,170,,443,1,4,,1
92200001,'23729',1715,,444,1,4,,1,185,,445,1,4,,1
92200001,'23730',800,,446,1,4,,1,1015,,447,1,4,,1,130,,448,1,4,,1
92200001,'23731',700,,449,1,4,,1,130,,450,1,4,,1,1000,,451,1,4,,1
92200001,'23732',900,,452,1,4,,1,1015,,453,1,4,,1,130,,454,1,4,,1
92200001,'23733',800,,455,1,4,,1,130,,456,1,4,,1,1070,,457,1,4,,1,130,,458,1,4,,1
92200001,'23734',930,,459,1,4,,1,1115,,460,1,4,,1,170,,461,1,4,,1
92200001,'23735',1100,,462,1,4,,1,1045,,463,1,4,,1
92200001,'23736',1215,,464,1,4,,1
92200001,'23737',1330,,465,1,4,,1
92200001,'23738',1330,,466,1,4,,1,170,,467,1,4,,1
92200001,'23739',1415,,468,1,4,,1,130,,469,1,4,,1
92200001,'23740',1500,,470,1,4,,1,200,,471,1,4,,1
92200001,'23741',1545,,472,1,4,,1,255,,473,1,4,,1
92200001,'23742',1615,,474,1,4,,1,230,,475,1,4,,1
92200001,'23743',730,,476,1,4,,1,970,,477,1,4,,1,245,,478,1,4,,1
92200001,'23744',815,,479,1,4,,1,930,,480,1,4,,1,270,,481,1,4,,1
92200001,'23745',845,,482,1,4,,1,985,,483,1,4,,1,270,,484,1,4,,1
92200001,'23746',715,,485,1,4,,1,200,,486,1,4,,1,1000,,487,1,4,,1,130,,488,1,4,,1,170,,489,1,4,,1
92200001,'23747',900,,490,1,4,,1,1115,,491,1,4,,1,130,,492,1,4,,1
92200001,'23748',2115,,493,1,4,,1
92200001,'23749',2215,,494,1,4,,1
92200001,'23753',1445,,495,1,4,,1
92200001,'23754',1500,,496,1,4,,1
92200001,'23755',1515,,497,1,4,,1
92200001,'23756',1530,,498,1,4,,1,200,,499,1,4,,1
92200001,'23757',1600,,500,1,4,,1,215,,501,1,4,,1
92200001,'23758',1715,,502,1,4,,1,130,,503,1,4,,1
92200001,'23759',730,,504,1,4,,1,970,,505,1,4,,1
92200001,'23760',730,,506,1,4,,1,1000,,507,1,4,,1,170,,508,1,4,,1,130,,509,1,4,,1
92200001,'23761',815,,510,1,4,,1,1000,,511,1,4,,1,130,,512,1,4,,1,170,,513,1,4,,1
92200001,'23762',745,,514,1,4,,1,1170,,515,1,4,,1,130,,516,1,4,,1,170,,517,1,4,,1
92200001,'23763',2015,,518,1,4,,1,130,,519,1,4,,1
92200001,'23764',2130,,520,1,4,,1
92200001,'23766',1300,,521,1,4,,1
92200001,'23767',1315,,522,1,4,,1,130,,523,1,4,,1
92200001,'23768',1400,,524,1,4,,1,130,,525,1,4,,1
92200001,'23769',1430,,526,1,4,,1,270,,527,1,4,,1
92200001,'23770',1515,,528,1,4,,1,230,,529,1,4,,1
92200001,'23771',1545,,530,1,4,,1,170,,531,1,4,,1,130,,532,1,4,,1
92200001,'23772',1615,,533,1,4,,1,130,,534,1,4,,1,170,,535,1,4,,1
92200001,'23773',730,,536,1,4,,1,970,,537,1,4,,1,130,,538,1,4,,1
92200001,'23774',745,,539,1,4,,1,985,,540,1,4,,1,170,,541,1,4,,1,130,,542,1,4,,1
92200001,'23775',800,,543,1,4,,1,1015,,544,1,4,,1,130,,545,1,4,,1,170,,546,1,4,,1
92200001,'23776',1915,,547,1,4,,1,130,,548,1,4,,1
92200001,'23777',2030,,549,1,4,,1,170,,550,1,4,,1
92200001,'23778',2200,,551,1,4,,1
92200001,'23780',30,,552,1,4,,1
92200001,'23782',1400,,553,1,4,,1
92200001,'23783',1415,,554,1,4,,1,130,,555,1,4,,1
92200001,'23784',1430,,556,1,4,,1,200,,557,1,4,,1
92200001,'23785',1445,,558,1,4,,1,270,,559,1,4,,1
92200001,'23786',1515,,560,1,4,,1,285,,561,1,4,,1
92200001,'23787',1545,,562,1,4,,1,170,,563,1,4,,1,130,,564,1,4,,1
92200001,'23788',1615,,565,1,4,,1,130,,566,1,4,,1,170,,567,1,4,,1
92200001,'23789',545,,568,1,4,,1,170,,569,1,4,,1,930,,570,1,4,,1,200,,571,1,4,,1,170,,572,1,4,,1
92200001,'23790',615,,573,1,4,,1,130,,574,1,4,,1,1000,,575,1,4,,1,170,,576,1,4,,1,130,,577,1,4,,1
92200001,'23791',1845,,578,1,4,,1,170,,579,1,4,,1,130,,580,1,4,,1
92200001,'23792',2000,,581,1,4,,1,130,,582,1,4,,1
92200001,'23793',2130,,583,1,4,,1
92200001,'23795',1245,,584,1,4,,1
92200001,'23796',1300,,585,1,4,,1,130,,586,1,4,,1
92200001,'23797',1330,,587,1,4,,1,270,,588,1,4,,1
92200001,'23798',1400,,589,1,4,,1,245,,590,1,4,,1
92200001,'23799',1430,,591,1,4,,1,170,,592,1,4,,1,130,,593,1,4,,1
92200001,'23800',1500,,594,1,4,,1,130,,595,1,4,,1,170,,596,1,4,,1
92200001,'23801',1530,,597,1,4,,1,170,,598,1,4,,1,130,,599,1,4,,1
92200001,'23802',1600,,600,1,4,,1,130,,601,1,4,,1,170,,602,1,4,,1
92200001,'23803',700,,603,1,4,,1,945,,604,1,4,,1,170,,605,1,4,,1,130,,606,1,4,,1
92200001,'23804',700,,607,1,4,,1,1030,,608,1,4,,1,170,,609,1,4,,1,130,,610,1,4,,1
92200001,'23805',1830,,611,1,4,,1,170,,612,1,4,,1,130,,613,1,4,,1
92200001,'23806',1945,,614,1,4,,1,170,,615,1,4,,1
92200001,'23807',2115,,616,1,4,,1
92200001,'23810',1315,,617,1,4,,1
92200001,'23811',1300,,618,1,4,,1,130,,619,1,4,,1
92200001,'23812',1315,,620,1,4,,1,215,,621,1,4,,1
92200001,'23813',1330,,622,1,4,,1,270,,623,1,4,,1
92200001,'23814',1400,,624,1,4,,1,130,,625,1,4,,1,170,,626,1,4,,1
92200001,'23815',1430,,627,1,4,,1,170,,628,1,4,,1,130,,629,1,4,,1
92200001,'23816',1500,,630,1,4,,1,130,,631,1,4,,1,200,,632,1,4,,1
92200001,'23817',1530,,633,1,4,,1,215,,634,1,4,,1,170,,635,1,4,,1
92200001,'23818',1615,,636,1,4,,1,200,,637,1,4,,1,130,,638,1,4,,1
92200001,'23819',1715,,639,1,4,,1,215,,640,1,4,,1,170,,641,1,4,,1
92200001,'23820',745,,642,1,4,,1,1085,,643,1,4,,1,200,,644,1,4,,1,170,,645,1,4,,1
92200001,'23821',2000,,646,1,4,,1,130,,647,1,4,,1
92200001,'23822',2115,,648,1,4,,1
92200001,'23823',1130,,649,1,4,,1
92200001,'23824',1200,,650,1,4,,1,145,,651,1,4,,1,1000,,652,1,4,,1
92200001,'23825',1230,,653,1,4,,1,215,,654,1,4,,1
92200001,'23826',1300,,655,1,4,,1,230,,656,1,4,,1
92200001,'23827',1315,,657,1,4,,1,130,,658,1,4,,1,170,,659,1,4,,1
92200001,'23828',1400,,660,1,4,,1,130,,661,1,4,,1,170,,662,1,4,,1
92200001,'23829',1415,,663,1,4,,1,200,,664,1,4,,1,130,,665,1,4,,1
92200001,'23830',1445,,666,1,4,,1,200,,667,1,4,,1,170,,668,1,4,,1
92200001,'23831',1530,,669,1,4,,1,185,,670,1,4,,1,130,,671,1,4,,1
92200001,'23832',1600,,672,1,4,,1,130,,673,1,4,,1,170,,674,1,4,,1
92200001,'23833',1645,,675,1,4,,1,170,,676,1,4,,1,130,,677,1,4,,1
92200001,'23834',1745,,678,1,4,,1,170,,679,1,4,,1,130,,680,1,4,,1
92200001,'23835',1900,,681,1,4,,1,230,,682,1,4,,1
92200001,'23836',2030,,683,1,4,,1,170,,684,1,4,,1
92200001,'23837',2200,,685,1,4,,1
92200001,'23839',1145,,686,1,4,,1
92200001,'23840',1200,,687,1,4,,1,215,,688,1,4,,1
92200001,'23841',1215,,689,1,4,,1,130,,690,1,4,,1,170,,691,1,4,,1
92200001,'23842',1300,,692,1,4,,1,130,,693,1,4,,1,170,,694,1,4,,1
92200001,'23843',1315,,695,1,4,,1,200,,696,1,4,,1,130,,697,1,4,,1
92200001,'23844',1345,,698,1,4,,1,170,,699,1,4,,1,215,,700,1,4,,1
92200001,'23845',1430,,701,1,4,,1,215,,702,1,4,,1,170,,703,1,4,,1
92200001,'23846',1515,,704,1,4,,1,200,,705,1,4,,1,130,,706,1,4,,1
92200001,'23847',1600,,707,1,4,,1,230,,708,1,4,,1,170,,709,1,4,,1
92200001,'23848',1715,,710,1,4,,1,200,,711,1,4,,1,130,,712,1,4,,1
92200001,'23849',1745,,713,1,4,,1,170,,714,1,4,,1,130,,715,1,4,,1
92200001,'23850',745,,716,1,4,,1,1100,,717,1,4,,1,170,,718,1,4,,1,130,,719,1,4,,1
92200001,'23851',900,,720,1,4,,1,1115,,721,1,4,,1,130,,722,1,4,,1
92200001,'23852',930,,723,1,4,,1,170,,724,1,4,,1,1030,,725,1,4,,1
92200001,'23853',1015,,726,1,4,,1,215,,727,1,4,,1
92200001,'23854',1045,,728,1,4,,1,270,,729,1,4,,1
92200001,'23855',1115,,730,1,4,,1,130,,731,1,4,,1,170,,732,1,4,,1
92200001,'23856',1145,,733,1,4,,1,200,,734,1,4,,1,170,,735,1,4,,1
92200001,'23857',1215,,736,1,4,,1,200,,737,1,4,,1,130,,738,1,4,,1
92200001,'23858',1245,,739,1,4,,1,170,,740,1,4,,1,200,,741,1,4,,1
92200001,'23859',1330,,742,1,4,,1,185,,743,1,4,,1,130,,744,1,4,,1
92200001,'23860',1400,,745,1,4,,1,145,,746,1,4,,1,170,,747,1,4,,1
92200001,'23861',1445,,748,1,4,,1,185,,749,1,4,,1,170,,750,1,4,,1
92200001,'23862',1515,,751,1,4,,1,130,,752,1,4,,1,170,,753,1,4,,1
92200001,'23863',1615,,754,1,4,,1,130,,755,1,4,,1,170,,756,1,4,,1
92200001,'23864',1715,,757,1,4,,1,230,,758,1,4,,1
92200001,'23865',1845,,759,1,4,,1,170,,760,1,4,,1
92200001,'23866',2000,,761,1,4,,1,130,,762,1,4,,1
92200001,'23867',915,,763,1,4,,1,1200,,764,1,4,,1
92200001,'23868',930,,765,1,4,,1,200,,766,1,4,,1,1085,,767,1,4,,1
92200001,'23869',1000,,768,1,4,,1,130,,769,1,4,,1
92200001,'23870',1030,,770,1,4,,1,170,,771,1,4,,1,130,,772,1,4,,1
92200001,'23871',1100,,773,1,4,,1,130,,774,1,4,,1,170,,775,1,4,,1
92200001,'23872',1145,,776,1,4,,1,200,,777,1,4,,1,170,,778,1,4,,1
92200001,'23873',1230,,779,1,4,,1,200,,780,1,4,,1,170,,781,1,4,,1
92200001,'23874',1315,,782,1,4,,1,130,,783,1,4,,1,255,,784,1,4,,1
92200001,'23875',1400,,785,1,4,,1,215,,786,1,4,,1,130,,787,1,4,,1
92200001,'23876',1500,,788,1,4,,1,200,,789,1,4,,1,130,,790,1,4,,1
92200001,'23877',1630,,791,1,4,,1,170,,792,1,4,,1,130,,793,1,4,,1
92200001,'23878',1715,,794,1,4,,1,130,,795,1,4,,1,170,,796,1,4,,1
