808030000,'24026',705,,2753,1,4,,2,345,,2754,1,4,,2,555,,2755,1,4,,2,300,,2756,1,4,,2
808030000,'24027',705,,2757,1,4,,2,300,,2758,1,4,,2,345,,2759,1,4,,2,255,,2760,1,4,,2,100,,2761,1,4,,2,200,,2762,1,4,,2
808030000,'24028',705,,2763,1,4,,2,300,,2764,1,4,,2,345,,2765,1,4,,2,255,,2766,1,4,,2,100,,2767,1,4,,2,200,,2768,1,4,,2
808030000,'24029',705,,2769,1,4,,2,300,,2770,1,4,,2,345,,2771,1,4,,2,255,,2772,1,4,,2,100,,2773,1,4,,2,200,,2774,1,4,,2
808030000,'24030',705,,2775,1,4,,2,100,,2776,1,4,,2,200,,2777,1,4,,2,345,,2778,1,4,,2,255,,2779,1,4,,2,100,,2780,1,4,,2,200,,2781,1,4,,2
808030000,'24031',705,,2782,1,4,,2,300,,2783,1,4,,2,345,,2784,1,4,,2,255,,2785,1,4,,2,100,,2786,1,4,,2,200,,2787,1,4,,2
808030000,'24032',435,,2792,1,4,,2,270,,2791,1,4,,2,130,,2790,1,4,,2,500,,2788,1,4,,2,570,,2789,1,4,,2
808030000,'24040',1150,,2793,1,4,,2,555,,2794,1,4,,2,200,,2795,1,4,,2
808030000,'24041',750,,2796,1,4,,2,355,,2797,1,4,,2,345,,2798,1,4,,2,255,,2799,1,4,,2
808030000,'24042',750,,2800,1,4,,2,355,,2801,1,4,,2,345,,2802,1,4,,2,255,,2803,1,4,,2
808030000,'24043',750,,2804,1,4,,2,355,,2805,1,4,,2,345,,2806,1,4,,2,255,,2807,1,4,,2
808030000,'24044',750,,2808,1,4,,2,170,,2809,1,4,,2,185,,2810,1,4,,2,345,,2811,1,4,,2,255,,2812,1,4,,2
808030000,'24045',750,,2813,1,4,,2,355,,2814,1,4,,2,345,,2815,1,4,,2,255,,2816,1,4,,2
808030000,'24046',535,,2817,1,4,,2,400,,2818,1,4,,2,400,,2819,1,4,,2,300,,2820,1,4,,2
808030001,'24019',600,,2824,0,,,2,200,,2823,0,,,2,530,,2822,0,,,2,370,,2821,0,,,2
808030001,'24020',600,,2825,0,,,2,100,,2826,0,,,2,400,,2827,0,,,2,300,,2828,0,,,2,200,,2829,0,,,2,100,,2830,0,,,2
808030001,'24021',600,,2831,0,,,2,100,,2832,0,,,2,400,,2833,0,,,2,300,,2834,0,,,2,200,,2835,0,,,2,100,,2836,0,,,2
808030001,'24022',600,,2837,0,,,2,100,,2838,0,,,2,400,,2839,0,,,2,300,,2840,0,,,2,200,,2841,0,,,2,100,,2842,0,,,2
808030001,'24023',600,,2843,0,,,2,100,,2844,0,,,2,100,,2845,0,,,2,300,,2846,0,,,2,300,,2847,0,,,2,200,,2848,0,,,2,100,,2849,0,,,2
808030001,'24024',600,,2850,0,,,2,100,,2851,0,,,2,400,,2852,0,,,2,300,,2853,0,,,2,200,,2854,0,,,2,100,,2855,0,,,2
808030001,'24025',500,,2860,0,,,2,100,,2859,0,,,2,100,,2858,0,,,2,400,,2856,0,,,2,600,,2857,0,,,2
808030001,'24033',900,,2861,0,,,2,500,,2862,0,,,2,300,,2863,0,,,2
808030001,'24034',630,,2864,0,,,2,170,,2865,0,,,2,400,,2866,0,,,2,300,,2867,0,,,2
808030001,'24035',630,,2868,0,,,2,170,,2869,0,,,2,400,,2870,0,,,2,300,,2871,0,,,2
808030001,'24036',630,,2872,0,,,2,170,,2873,0,,,2,400,,2874,0,,,2,300,,2875,0,,,2
808030001,'24037',630,,2876,0,,,2,170,,2877,0,,,2,130,,2878,0,,,2,270,,2879,0,,,2,300,,2880,0,,,2
808030001,'24038',630,,2881,0,,,2,170,,2882,0,,,2,400,,2883,0,,,2,300,,2884,0,,,2
808030001,'24039',600,,2885,0,,,2,200,,2886,0,,,2,300,,2887,0,,,2,400,,2888,0,,,2
