1819010000,'24054',815,,4971,0,,,2,130,,4972,0,,,2,385,,4973,0,,,2,170,,4974,0,,,2
1819010000,'24055',615,,4975,0,,,2,100,,4976,0,,,2,30,,4977,0,,,2,100,,4978,0,,,2,355,,4979,0,,,2,130,,4980,0,,,2,100,,4981,0,,,2,115,,4982,0,,,2,100,,4983,0,,,2,85,,4984,0,,,2
1819010000,'24056',615,,4985,0,,,2,100,,4986,0,,,2,30,,4987,0,,,2,100,,4988,0,,,2,355,,4989,0,,,2,130,,4990,0,,,2,100,,4991,0,,,2,115,,4992,0,,,2,100,,4993,0,,,2,85,,4994,0,,,2
1819010000,'24057',615,,4995,0,,,2,100,,4996,0,,,2,30,,4997,0,,,2,100,,4998,0,,,2,355,,4999,0,,,2,130,,5000,0,,,2,100,,5001,0,,,2,115,,5002,0,,,2,100,,5003,0,,,2,85,,5004,0,,,2
1819010000,'24058',615,,5005,0,,,2,100,,5006,0,,,2,30,,5007,0,,,2,100,,5008,0,,,2,355,,5009,0,,,2,130,,5010,0,,,2,100,,5011,0,,,2,115,,5012,0,,,2,100,,5013,0,,,2,155,,5014,0,,,2,100,,5015,0,,,2
1819010000,'24059',615,,5016,0,,,2,100,,5017,0,,,2,30,,5018,0,,,2,100,,5019,0,,,2,355,,5020,0,,,2,130,,5021,0,,,2,100,,5022,0,,,2,115,,5023,0,,,2,100,,5024,0,,,2,100,,5025,0,,,2,155,,5026,0,,,2
1819010000,'24060',1400,,5027,0,,,2,100,,5028,0,,,2,100,,5029,0,,,2,100,,5030,0,,,2,100,,5031,0,,,2,100,,5032,0,,,2
1819010000,'24068',915,,5033,0,,,2,130,,5034,0,,,2,385,,5035,0,,,2,170,,5036,0,,,2
1819010000,'24069',630,,5037,0,,,2,70,,5038,0,,,2,45,,5039,0,,,2,85,,5040,0,,,2,115,,5041,0,,,2,355,,5042,0,,,2,130,,5043,0,,,2,115,,5044,0,,,2,100,,5045,0,,,2,155,,5046,0,,,2
1819010000,'24070',630,,5047,0,,,2,70,,5048,0,,,2,45,,5049,0,,,2,85,,5050,0,,,2,115,,5051,0,,,2,355,,5052,0,,,2,130,,5053,0,,,2,115,,5054,0,,,2,100,,5055,0,,,2,155,,5056,0,,,2
1819010000,'24071',630,,5057,0,,,2,70,,5058,0,,,2,45,,5059,0,,,2,85,,5060,0,,,2,115,,5061,0,,,2,355,,5062,0,,,2,130,,5063,0,,,2,115,,5064,0,,,2,100,,5065,0,,,2,155,,5066,0,,,2
1819010000,'24072',630,,5067,0,,,2,70,,5068,0,,,2,45,,5069,0,,,2,85,,5070,0,,,2,115,,5071,0,,,2,355,,5072,0,,,2,130,,5073,0,,,2,115,,5074,0,,,2,100,,5075,0,,,2,155,,5076,0,,,2,115,,5077,0,,,2
1819010000,'24073',630,,5078,0,,,2,70,,5079,0,,,2,45,,5080,0,,,2,85,,5081,0,,,2,115,,5082,0,,,2,355,,5083,0,,,2,130,,5084,0,,,2,115,,5085,0,,,2,100,,5086,0,,,2,155,,5087,0,,,2,45,,5088,0,,,2,70,,5089,0,,,2
1819010000,'24074',1300,,5090,0,,,2,100,,5091,0,,,2,100,,5092,0,,,2,100,,5093,0,,,2,100,,5094,0,,,2,100,,5095,0,,,2
1819010001,'24047',838,,5096,1,4,,2,170,,5097,1,4,,2,345,,5098,1,4,,2,170,,5099,1,4,,2
1819010001,'24048',638,,5100,1,4,,2,100,,5101,1,4,,2,70,,5102,1,4,,2,100,,5103,1,4,,2,315,,5104,1,4,,2,130,,5105,1,4,,2,100,,5106,1,4,,2,155,,5107,1,4,,2,100,,5108,1,4,,2,45,,5109,1,4,,2
1819010001,'24049',638,,5110,1,4,,2,100,,5111,1,4,,2,70,,5112,1,4,,2,100,,5113,1,4,,2,315,,5114,1,4,,2,130,,5115,1,4,,2,100,,5116,1,4,,2,155,,5117,1,4,,2,100,,5118,1,4,,2,45,,5119,1,4,,2
1819010001,'24050',638,,5120,1,4,,2,100,,5121,1,4,,2,70,,5122,1,4,,2,100,,5123,1,4,,2,315,,5124,1,4,,2,130,,5125,1,4,,2,100,,5126,1,4,,2,155,,5127,1,4,,2,100,,5128,1,4,,2,45,,5129,1,4,,2
1819010001,'24051',638,,5130,1,4,,2,100,,5131,1,4,,2,70,,5132,1,4,,2,100,,5133,1,4,,2,315,,5134,1,4,,2,130,,5135,1,4,,2,100,,5136,1,4,,2,155,,5137,1,4,,2,100,,5138,1,4,,2,115,,5139,1,4,,2,100,,5140,1,4,,2
1819010001,'24052',638,,5141,1,4,,2,100,,5142,1,4,,2,70,,5143,1,4,,2,100,,5144,1,4,,2,315,,5145,1,4,,2,130,,5146,1,4,,2,100,,5147,1,4,,2,155,,5148,1,4,,2,100,,5149,1,4,,2,100,,5150,1,4,,2,115,,5151,1,4,,2
1819010001,'24053',1423,,5152,1,4,,2,100,,5153,1,4,,2,100,,5154,1,4,,2,100,,5155,1,4,,2,100,,5156,1,4,,2,100,,5157,1,4,,2
1819010001,'24061',938,,5158,1,4,,2,170,,5159,1,4,,2,345,,5160,1,4,,2,170,,5161,1,4,,2
1819010001,'24062',653,,5162,1,4,,2,70,,5163,1,4,,2,85,,5164,1,4,,2,45,,5165,1,4,,2,155,,5166,1,4,,2,315,,5167,1,4,,2,130,,5168,1,4,,2,155,,5169,1,4,,2,100,,5170,1,4,,2,115,,5171,1,4,,2
1819010001,'24063',653,,5172,1,4,,2,70,,5173,1,4,,2,85,,5174,1,4,,2,45,,5175,1,4,,2,155,,5176,1,4,,2,315,,5177,1,4,,2,130,,5178,1,4,,2,155,,5179,1,4,,2,100,,5180,1,4,,2,115,,5181,1,4,,2
1819010001,'24064',653,,5182,1,4,,2,70,,5183,1,4,,2,85,,5184,1,4,,2,45,,5185,1,4,,2,155,,5186,1,4,,2,315,,5187,1,4,,2,130,,5188,1,4,,2,155,,5189,1,4,,2,100,,5190,1,4,,2,115,,5191,1,4,,2
1819010001,'24065',653,,5192,1,4,,2,70,,5193,1,4,,2,85,,5194,1,4,,2,45,,5195,1,4,,2,155,,5196,1,4,,2,315,,5197,1,4,,2,130,,5198,1,4,,2,155,,5199,1,4,,2,100,,5200,1,4,,2,115,,5201,1,4,,2,115,,5202,1,4,,2
1819010001,'24066',653,,5203,1,4,,2,70,,5204,1,4,,2,85,,5205,1,4,,2,45,,5206,1,4,,2,155,,5207,1,4,,2,315,,5208,1,4,,2,130,,5209,1,4,,2,155,,5210,1,4,,2,100,,5211,1,4,,2,115,,5212,1,4,,2,85,,5213,1,4,,2,30,,5214,1,4,,2
1819010001,'24067',1323,,5215,1,4,,2,100,,5216,1,4,,2,100,,5217,1,4,,2,100,,5218,1,4,,2,100,,5219,1,4,,2,100,,5220,1,4,,2
