92200000,'23495',1500,,84,1,4,,1,130,,85,1,4,,1
92200000,'23496',1545,,86,1,4,,1,200,,87,1,4,,1
92200000,'23497',1630,,88,1,4,,1,215,,89,1,4,,1
92200000,'23498',1700,,90,1,4,,1,230,,91,1,4,,1
92200000,'23499',815,,92,1,4,,1,1085,,93,1,4,,1,130,,94,1,4,,1
92200000,'23500',900,,95,1,4,,1,930,,96,1,4,,1,270,,97,1,4,,1
92200000,'23501',930,,98,1,4,,1,985,,99,1,4,,1
92200000,'23502',800,,100,1,4,,1,200,,101,1,4,,1,1000,,102,1,4,,1,130,,103,1,4,,1,170,,104,1,4,,1
92200000,'23503',945,,105,1,4,,1,1155,,106,1,4,,1,130,,107,1,4,,1
92200000,'23504',2200,,108,1,4,,1
92200000,'23505',2300,,109,1,4,,1
92200000,'23509',1530,,110,1,4,,1
92200000,'23510',1615,,111,1,4,,1
92200000,'23511',1615,,113,1,4,,1,100,,112,1,4,,1,100,,114,1,4,,1
92200000,'23513',1730,,115,1,4,,1,170,,116,1,4,,1
92200000,'23514',1800,,117,1,4,,1,130,,118,1,4,,1
92200000,'23515',815,,119,1,4,,1,930,,120,1,4,,1
92200000,'23516',815,,121,1,4,,1,1000,,122,1,4,,1,130,,123,1,4,,1,170,,124,1,4,,1
92200000,'23517',900,,125,1,4,,1,1000,,126,1,4,,1,130,,127,1,4,,1,170,,128,1,4,,1
92200000,'23518',930,,129,1,4,,1,1070,,130,1,4,,1,130,,131,1,4,,1,170,,132,1,4,,1
92200000,'23519',2100,,133,1,4,,1,130,,134,1,4,,1
92200000,'23520',2215,,135,1,4,,1
92200000,'23522',1400,,136,1,4,,1
92200000,'23523',1400,,137,1,4,,1,130,,138,1,4,,1
92200000,'23524',1445,,139,1,4,,1,170,,140,1,4,,1
92200000,'23525',1515,,141,1,4,,1,230,,142,1,4,,1
92200000,'23526',1600,,143,1,4,,1,230,,144,1,4,,1
92200000,'23527',1630,,145,1,4,,1,170,,146,1,4,,1,130,,147,1,4,,1
92200000,'23528',1700,,148,1,4,,1,130,,149,1,4,,1,170,,150,1,4,,1
92200000,'23529',815,,151,1,4,,1,930,,152,1,4,,1,170,,153,1,4,,1
92200000,'23530',830,,154,1,4,,1,985,,155,1,4,,1,130,,156,1,4,,1,170,,157,1,4,,1
92200000,'23531',845,,158,1,4,,1,1055,,159,1,4,,1,130,,160,1,4,,1,170,,161,1,4,,1
92200000,'23532',2000,,162,1,4,,1,130,,163,1,4,,1
92200000,'23533',2115,,164,1,4,,1,130,,165,1,4,,1
92200000,'23534',2245,,166,1,4,,1
92200000,'23538',1515,,167,1,4,,1
92200000,'23539',1500,,168,1,4,,1,130,,169,1,4,,1
92200000,'23540',1515,,170,1,4,,1,200,,171,1,4,,1
92200000,'23541',1530,,172,1,4,,1,270,,173,1,4,,1
92200000,'23542',1600,,174,1,4,,1,245,,175,1,4,,1
92200000,'23543',1630,,176,1,4,,1,170,,177,1,4,,1,130,,178,1,4,,1
92200000,'23544',1700,,179,1,4,,1,130,,180,1,4,,1,170,,181,1,4,,1
92200000,'23545',800,,182,1,4,,1,930,,183,1,4,,1,200,,184,1,4,,1,170,,185,1,4,,1
92200000,'23546',830,,186,1,4,,1,1000,,187,1,4,,1,170,,188,1,4,,1,130,,189,1,4,,1
92200000,'23547',1930,,190,1,4,,1,170,,191,1,4,,1,130,,192,1,4,,1
92200000,'23548',2045,,193,1,4,,1,170,,194,1,4,,1
92200000,'23549',2215,,195,1,4,,1
92200000,'23551',1415,,196,1,4,,1
92200000,'23552',1345,,197,1,4,,1,170,,198,1,4,,1
92200000,'23553',1415,,199,1,4,,1,230,,200,1,4,,1
92200000,'23554',1600,,201,1,4,,1,130,,202,1,4,,1
92200000,'23555',1515,,203,1,4,,1,130,,204,1,4,,1,170,,205,1,4,,1
92200000,'23556',1545,,206,1,4,,1,170,,207,1,4,,1,130,,208,1,4,,1
92200000,'23557',1615,,209,1,4,,1,130,,210,1,4,,1,170,,211,1,4,,1
92200000,'23558',1645,,212,1,4,,1,170,,213,1,4,,1,130,,214,1,4,,1
92200000,'23559',745,,215,1,4,,1,985,,216,1,4,,1,170,,217,1,4,,1,130,,218,1,4,,1
92200000,'23560',745,,219,1,4,,1,1070,,220,1,4,,1,130,,221,1,4,,1,170,,222,1,4,,1
92200000,'23561',1915,,223,1,4,,1,130,,224,1,4,,1,170,,225,1,4,,1
92200000,'23562',2030,,226,1,4,,1,170,,227,1,4,,1
92200000,'23563',2200,,228,1,4,,1
92200000,'23566',1400,,229,1,4,,1
92200000,'23567',1345,,230,1,4,,1,170,,231,1,4,,1
92200000,'23568',1400,,232,1,4,,1,215,,233,1,4,,1
92200000,'23569',1515,,234,1,4,,1,130,,235,1,4,,1
92200000,'23570',1445,,236,1,4,,1,170,,237,1,4,,1,130,,238,1,4,,1
92200000,'23571',1515,,239,1,4,,1,130,,240,1,4,,1,170,,241,1,4,,1
92200000,'23572',1545,,242,1,4,,1,200,,243,1,4,,1,170,,244,1,4,,1
92200000,'23573',1615,,245,1,4,,1,215,,246,1,4,,1,170,,247,1,4,,1
92200000,'23574',1700,,248,1,4,,1,200,,249,1,4,,1,130,,250,1,4,,1
92200000,'23575',1800,,251,1,4,,1,215,,252,1,4,,1,130,,253,1,4,,1
92200000,'23576',830,,254,1,4,,1,1115,,255,1,4,,1,170,,256,1,4,,1,130,,257,1,4,,1
92200000,'23577',2045,,258,1,4,,1,170,,259,1,4,,1
92200000,'23578',2200,,260,1,4,,1
92200000,'23579',1300,,261,1,4,,1
92200000,'23580',1245,,262,1,4,,1,185,,263,1,4,,1
92200000,'23581',1315,,264,1,4,,1,215,,265,1,4,,1
92200000,'23582',1345,,266,1,4,,1,270,,267,1,4,,1
92200000,'23583',1400,,268,1,4,,1,130,,269,1,4,,1,170,,270,1,4,,1
92200000,'23584',1445,,271,1,4,,1,170,,272,1,4,,1,130,,273,1,4,,1
92200000,'23585',1500,,274,1,4,,1,200,,275,1,4,,1,130,,276,1,4,,1
92200000,'23586',1530,,277,1,4,,1,200,,278,1,4,,1,170,,279,1,4,,1
92200000,'23587',1615,,280,1,4,,1,185,,281,1,4,,1,130,,282,1,4,,1
92200000,'23588',1645,,283,1,4,,1,170,,284,1,4,,1,130,,285,1,4,,1
92200000,'23589',1730,,286,1,4,,1,170,,287,1,4,,1,130,,288,1,4,,1
92200000,'23590',1830,,289,1,4,,1,170,,290,1,4,,1,130,,291,1,4,,1
92200000,'23591',1945,,292,1,4,,1,270,,293,1,4,,1
92200000,'23592',2115,,294,1,4,,1,130,,295,1,4,,1
92200000,'23593',2245,,296,1,4,,1
92200000,'23595',1345,,297,1,4,,1
92200000,'23596',1245,,298,1,4,,1,255,,299,1,4,,1
92200000,'23597',1300,,300,1,4,,1,130,,301,1,4,,1,170,,302,1,4,,1
92200000,'23598',1345,,303,1,4,,1,170,,304,1,4,,1,130,,305,1,4,,1
92200000,'23599',1400,,306,1,4,,1,200,,307,1,4,,1,130,,308,1,4,,1
92200000,'23600',1430,,309,1,4,,1,215,,310,1,4,,1,170,,311,1,4,,1
92200000,'23601',1515,,312,1,4,,1,215,,313,1,4,,1,170,,314,1,4,,1
92200000,'23602',1600,,315,1,4,,1,200,,316,1,4,,1,130,,317,1,4,,1
92200000,'23603',1645,,318,1,4,,1,270,,319,1,4,,1,130,,320,1,4,,1
92200000,'23604',1830,,321,1,4,,1,170,,322,1,4,,1,130,,323,1,4,,1
92200000,'23605',1830,,324,1,4,,1,170,,325,1,4,,1,130,,326,1,4,,1
92200000,'23606',830,,327,1,4,,1,1100,,328,1,4,,1,170,,329,1,4,,1,130,,330,1,4,,1
92200000,'23607',1030,,331,1,4,,1,1070,,332,1,4,,1,130,,333,1,4,,1
92200000,'23608',1015,,334,1,4,,1,130,,335,1,4,,1,1070,,336,1,4,,1
92200000,'23609',1100,,337,1,4,,1,215,,338,1,4,,1
92200000,'23610',1130,,339,1,4,,1,270,,340,1,4,,1
92200000,'23611',1200,,341,1,4,,1,130,,342,1,4,,1,170,,343,1,4,,1
92200000,'23612',1230,,344,1,4,,1,200,,345,1,4,,1,170,,346,1,4,,1
92200000,'23613',1300,,347,1,4,,1,200,,348,1,4,,1,130,,349,1,4,,1
92200000,'23614',1330,,350,1,4,,1,200,,351,1,4,,1,170,,352,1,4,,1
92200000,'23615',1415,,353,1,4,,1,185,,354,1,4,,1,130,,355,1,4,,1
92200000,'23616',1445,,356,1,4,,1,185,,357,1,4,,1,170,,358,1,4,,1
92200000,'23617',1530,,359,1,4,,1,185,,360,1,4,,1,130,,361,1,4,,1
92200000,'23618',1600,,362,1,4,,1,130,,363,1,4,,1,170,,364,1,4,,1
92200000,'23619',1700,,365,1,4,,1,130,,366,1,4,,1,170,,367,1,4,,1
92200000,'23620',1800,,368,1,4,,1,230,,369,1,4,,1
92200000,'23621',1930,,370,1,4,,1,170,,371,1,4,,1
92200000,'23622',2045,,372,1,4,,1,170,,373,1,4,,1
92200000,'23623',1045,,374,1,4,,1,1155,,375,1,4,,1
92200000,'23624',1015,,376,1,4,,1,200,,377,1,4,,1,1085,,378,1,4,,1
92200000,'23625',1045,,379,1,4,,1,170,,380,1,4,,1
92200000,'23626',30,,384,1,4,,1,1085,,381,1,4,,1,130,,382,1,4,,1,170,,383,1,4,,1
92200000,'23627',1145,,385,1,4,,1,170,,386,1,4,,1,130,,387,1,4,,1
92200000,'23628',1230,,388,1,4,,1,200,,389,1,4,,1,170,,390,1,4,,1
92200000,'23629',1315,,391,1,4,,1,200,,392,1,4,,1,130,,393,1,4,,1
92200000,'23630',1400,,394,1,4,,1,215,,395,1,4,,1,130,,396,1,4,,1
92200000,'23631',1445,,397,1,4,,1,255,,398,1,4,,1,130,,399,1,4,,1
92200000,'23632',1615,,400,1,4,,1,130,,401,1,4,,1,170,,402,1,4,,1
92200000,'23633',1715,,403,1,4,,1,130,,404,1,4,,1,170,,405,1,4,,1
92200000,'23634',1800,,406,1,4,,1,130,,407,1,4,,1,170,,408,1,4,,1
92200001,'23739',1345,,468,0,,,1,170,,469,0,,,1
92200001,'23740',1430,,470,0,,,1,200,,471,0,,,1
92200001,'23741',1515,,472,0,,,1,215,,473,0,,,1
92200001,'23742',1545,,474,0,,,1,270,,475,0,,,1
92200001,'23743',700,,476,0,,,1,930,,477,0,,,1,285,,478,0,,,1
92200001,'23744',745,,479,0,,,1,970,,480,0,,,1,230,,481,0,,,1
92200001,'23745',815,,482,0,,,1,985,,483,0,,,1,230,,484,0,,,1
92200001,'23746',645,,485,0,,,1,200,,486,0,,,1,1000,,487,0,,,1,170,,488,0,,,1,130,,489,0,,,1
92200001,'23747',830,,490,0,,,1,1115,,491,0,,,1,170,,492,0,,,1
92200001,'23748',2045,,493,0,,,1
92200001,'23749',2145,,494,0,,,1
92200001,'23753',1415,,495,0,,,1
92200001,'23754',1430,,496,0,,,1
92200001,'23755',1445,,497,0,,,1
92200001,'23756',1500,,498,0,,,1,200,,499,0,,,1
92200001,'23757',1530,,500,0,,,1,215,,501,0,,,1
92200001,'23758',1645,,502,0,,,1,170,,503,0,,,1
92200001,'23759',700,,504,0,,,1,930,,505,0,,,1
92200001,'23760',700,,506,0,,,1,1000,,507,0,,,1,130,,508,0,,,1,170,,509,0,,,1
92200001,'23761',745,,510,0,,,1,1000,,511,0,,,1,170,,512,0,,,1,130,,513,0,,,1
92200001,'23762',715,,514,0,,,1,1130,,515,0,,,1,170,,516,0,,,1,130,,517,0,,,1
92200001,'23763',1945,,518,0,,,1,170,,519,0,,,1
92200001,'23764',2100,,520,0,,,1
92200001,'23766',1230,,521,0,,,1
92200001,'23767',1245,,522,0,,,1,170,,523,0,,,1
92200001,'23768',1330,,524,0,,,1,170,,525,0,,,1
92200001,'23769',1400,,526,0,,,1,230,,527,0,,,1
92200001,'23770',1445,,528,0,,,1,270,,529,0,,,1
92200001,'23771',1515,,530,0,,,1,130,,531,0,,,1,170,,532,0,,,1
92200001,'23772',1545,,533,0,,,1,170,,534,0,,,1,130,,535,0,,,1
92200001,'23773',700,,536,0,,,1,930,,537,0,,,1,170,,538,0,,,1
92200001,'23774',715,,539,0,,,1,985,,540,0,,,1,130,,541,0,,,1,170,,542,0,,,1
92200001,'23775',730,,543,0,,,1,1015,,544,0,,,1,170,,545,0,,,1,130,,546,0,,,1
92200001,'23776',1845,,547,0,,,1,170,,548,0,,,1
92200001,'23777',2000,,549,0,,,1,130,,550,0,,,1
92200001,'23778',2130,,551,0,,,1
92200001,'23780',0,,552,0,,,1
92200001,'23782',1330,,553,0,,,1
92200001,'23783',1345,,554,0,,,1,170,,555,0,,,1
92200001,'23784',1400,,556,0,,,1,200,,557,0,,,1
92200001,'23785',1415,,558,0,,,1,230,,559,0,,,1
92200001,'23786',1445,,560,0,,,1,285,,561,0,,,1
92200001,'23787',1515,,562,0,,,1,130,,563,0,,,1,170,,564,0,,,1
92200001,'23788',1545,,565,0,,,1,170,,566,0,,,1,130,,567,0,,,1
92200001,'23789',515,,568,0,,,1,130,,569,0,,,1,970,,570,0,,,1,200,,571,0,,,1,130,,572,0,,,1
92200001,'23790',545,,573,0,,,1,170,,574,0,,,1,1000,,575,0,,,1,130,,576,0,,,1,170,,577,0,,,1
92200001,'23791',1815,,578,0,,,1,130,,579,0,,,1,170,,580,0,,,1
92200001,'23792',1930,,581,0,,,1,170,,582,0,,,1
92200001,'23793',2100,,583,0,,,1
92200001,'23795',1215,,584,0,,,1
92200001,'23796',1230,,585,0,,,1,170,,586,0,,,1
92200001,'23797',1300,,587,0,,,1,230,,588,0,,,1
92200001,'23798',1330,,589,0,,,1,285,,590,0,,,1
92200001,'23799',1400,,591,0,,,1,130,,592,0,,,1,170,,593,0,,,1
92200001,'23800',1430,,594,0,,,1,170,,595,0,,,1,130,,596,0,,,1
92200001,'23801',1500,,597,0,,,1,130,,598,0,,,1,170,,599,0,,,1
92200001,'23802',1530,,600,0,,,1,170,,601,0,,,1,130,,602,0,,,1
92200001,'23803',630,,603,0,,,1,985,,604,0,,,1,130,,605,0,,,1,170,,606,0,,,1
92200001,'23804',630,,607,0,,,1,1070,,608,0,,,1,130,,609,0,,,1,170,,610,0,,,1
92200001,'23805',1800,,611,0,,,1,130,,612,0,,,1,170,,613,0,,,1
92200001,'23806',1915,,614,0,,,1,130,,615,0,,,1
92200001,'23807',2045,,616,0,,,1
92200001,'23810',1245,,617,0,,,1
92200001,'23811',1230,,618,0,,,1,170,,619,0,,,1
92200001,'23812',1245,,620,0,,,1,255,,621,0,,,1
92200001,'23813',1300,,622,0,,,1,230,,623,0,,,1
92200001,'23814',1330,,624,0,,,1,170,,625,0,,,1,130,,626,0,,,1
92200001,'23815',1400,,627,0,,,1,130,,628,0,,,1,170,,629,0,,,1
92200001,'23816',1430,,630,0,,,1,170,,631,0,,,1,200,,632,0,,,1
92200001,'23817',1500,,633,0,,,1,215,,634,0,,,1,130,,635,0,,,1
92200001,'23818',1545,,636,0,,,1,200,,637,0,,,1,170,,638,0,,,1
92200001,'23819',1645,,639,0,,,1,255,,640,0,,,1,130,,641,0,,,1
92200001,'23820',715,,642,0,,,1,1085,,643,0,,,1,200,,644,0,,,1,130,,645,0,,,1
92200001,'23821',1930,,646,0,,,1,170,,647,0,,,1
92200001,'23822',2045,,648,0,,,1
92200001,'23823',1100,,649,0,,,1
92200001,'23824',1130,,650,0,,,1,185,,651,0,,,1,1000,,652,0,,,1
92200001,'23825',1200,,653,0,,,1,215,,654,0,,,1
92200001,'23826',1230,,655,0,,,1,270,,656,0,,,1
92200001,'23827',1245,,657,0,,,1,170,,658,0,,,1,130,,659,0,,,1
92200001,'23828',1330,,660,0,,,1,170,,661,0,,,1,130,,662,0,,,1
92200001,'23829',1345,,663,0,,,1,200,,664,0,,,1,170,,665,0,,,1
92200001,'23830',1415,,666,0,,,1,200,,667,0,,,1,130,,668,0,,,1
92200001,'23831',1500,,669,0,,,1,145,,670,0,,,1,170,,671,0,,,1
92200001,'23832',1530,,672,0,,,1,170,,673,0,,,1,130,,674,0,,,1
92200001,'23833',1615,,675,0,,,1,130,,676,0,,,1,170,,677,0,,,1
92200001,'23834',1715,,678,0,,,1,130,,679,0,,,1,170,,680,0,,,1
92200001,'23835',1830,,681,0,,,1,270,,682,0,,,1
92200001,'23836',2000,,683,0,,,1,130,,684,0,,,1
92200001,'23837',2130,,685,0,,,1
92200001,'23839',1115,,686,0,,,1
92200001,'23840',1130,,687,0,,,1,215,,688,0,,,1
92200001,'23841',1145,,689,0,,,1,170,,690,0,,,1,130,,691,0,,,1
92200001,'23842',1230,,692,0,,,1,170,,693,0,,,1,130,,694,0,,,1
92200001,'23843',1245,,695,0,,,1,200,,696,0,,,1,170,,697,0,,,1
92200001,'23844',1315,,698,0,,,1,130,,699,0,,,1,255,,700,0,,,1
92200001,'23845',1400,,701,0,,,1,215,,702,0,,,1,130,,703,0,,,1
92200001,'23846',1445,,704,0,,,1,200,,705,0,,,1,170,,706,0,,,1
92200001,'23847',1530,,707,0,,,1,270,,708,0,,,1,130,,709,0,,,1
92200001,'23848',1645,,710,0,,,1,200,,711,0,,,1,170,,712,0,,,1
92200001,'23849',1715,,713,0,,,1,130,,714,0,,,1,170,,715,0,,,1
92200001,'23850',715,,716,0,,,1,1100,,717,0,,,1,130,,718,0,,,1,170,,719,0,,,1
92200001,'23851',830,,720,0,,,1,1115,,721,0,,,1,170,,722,0,,,1
92200001,'23852',900,,723,0,,,1,130,,724,0,,,1,1070,,725,0,,,1
92200001,'23853',945,,726,0,,,1,255,,727,0,,,1
92200001,'23854',1015,,728,0,,,1,230,,729,0,,,1
92200001,'23855',1045,,730,0,,,1,170,,731,0,,,1,130,,732,0,,,1
92200001,'23856',1115,,733,0,,,1,200,,734,0,,,1,130,,735,0,,,1
92200001,'23857',1145,,736,0,,,1,200,,737,0,,,1,170,,738,0,,,1
92200001,'23858',1215,,739,0,,,1,130,,740,0,,,1,200,,741,0,,,1
92200001,'23859',1300,,742,0,,,1,145,,743,0,,,1,170,,744,0,,,1
92200001,'23860',1330,,745,0,,,1,185,,746,0,,,1,130,,747,0,,,1
92200001,'23861',1415,,748,0,,,1,185,,749,0,,,1,130,,750,0,,,1
92200001,'23862',1445,,751,0,,,1,170,,752,0,,,1,130,,753,0,,,1
92200001,'23863',1545,,754,0,,,1,170,,755,0,,,1,130,,756,0,,,1
92200001,'23864',1645,,757,0,,,1,270,,758,0,,,1
92200001,'23865',1815,,759,0,,,1,130,,760,0,,,1
92200001,'23866',1930,,761,0,,,1,170,,762,0,,,1
92200001,'23867',845,,763,0,,,1,1200,,764,0,,,1
92200001,'23868',900,,765,0,,,1,200,,766,0,,,1,1045,,767,0,,,1
92200001,'23869',930,,768,0,,,1,170,,769,0,,,1
92200001,'23870',1000,,770,0,,,1,130,,771,0,,,1,170,,772,0,,,1
92200001,'23871',1030,,773,0,,,1,170,,774,0,,,1,130,,775,0,,,1
92200001,'23872',1115,,776,0,,,1,200,,777,0,,,1,130,,778,0,,,1
92200001,'23873',1200,,779,0,,,1,200,,780,0,,,1,130,,781,0,,,1
92200001,'23874',1245,,782,0,,,1,170,,783,0,,,1,215,,784,0,,,1
92200001,'23875',1330,,785,0,,,1,215,,786,0,,,1,170,,787,0,,,1
92200001,'23876',1430,,788,0,,,1,200,,789,0,,,1,170,,790,0,,,1
92200001,'23877',1600,,791,0,,,1,130,,792,0,,,1,170,,793,0,,,1
92200001,'23878',1645,,794,0,,,1,170,,795,0,,,1,130,,796,0,,,1
