132370000,'24134',1100,,797,0,,,1
132370000,'24135',1100,,798,0,,,1
132370000,'24136',1100,,799,0,,,1
132370000,'24137',1730,,800,0,,,1
132370000,'24138',1100,,801,0,,,1
132370000,'24139',1100,,802,0,,,1
132370000,'24140',1100,,803,0,,,1
132370000,'24193',1100,,811,0,,,1
132370000,'24195',1700,,812,0,,,1
132370000,'24197',1100,,813,0,,,1
132370000,'24198',1100,,814,0,,,1
132370000,'24223',1700,,821,0,,,1
132370000,'24225',1100,,822,0,,,1
132370000,'24226',1100,,823,0,,,1
132370000,'24438',1100,,832,0,,,1,630,,831,0,,,1
132370000,'24442',1100,,833,0,,,1,630,,834,0,,,1
132370000,'24446',1100,,836,0,,,1,630,,835,0,,,1
132370000,'24512',1100,,838,0,,,1,630,,837,0,,,1
132370001,'24127',1030,,839,1,4,,1
132370001,'24128',1030,,840,1,4,,1
132370001,'24129',1030,,841,1,4,,1
132370001,'24130',1645,,842,1,4,,1
132370001,'24131',1030,,843,1,4,,1
132370001,'24132',1030,,844,1,4,,1
132370001,'24133',1030,,845,1,4,,1
132370001,'24186',1030,,853,1,4,,1
132370001,'24188',1630,,854,1,4,,1
132370001,'24190',1030,,855,1,4,,1
132370001,'24191',1030,,856,1,4,,1
132370001,'24216',1030,,863,1,4,,1
132370001,'24218',1030,,864,1,4,,1
132370001,'24219',1030,,865,1,4,,1
132370001,'24437',1030,,874,1,4,,1,615,,873,1,4,,1
132370001,'24441',1030,,875,1,4,,1,615,,876,1,4,,1
132370001,'24445',1030,,878,1,4,,1,615,,877,1,4,,1
132370001,'24510',1030,,880,1,4,,1,615,,879,1,4,,1
