901070000,'22902',700,,4064,0,,,1,145,,4065,0,,,1,985,,4066,0,,,1,185,,4067,0,,,1
901070000,'22903',745,,4068,0,,,1,200,,4069,0,,,1,970,,4070,0,,,1
901070000,'22904',700,,4071,0,,,1,130,,4072,0,,,1,170,,4073,0,,,1,1000,,4074,0,,,1,130,,4075,0,,,1
901070000,'22905',745,,4076,0,,,1,1285,,4077,0,,,1
901070000,'22906',845,,4078,0,,,1,1270,,4079,0,,,1
901070000,'22907',945,,4080,0,,,1,1255,,4081,0,,,1
901070000,'22908',1115,,4082,0,,,1,185,,4083,0,,,1
901070000,'22909',1230,,4084,0,,,1,170,,4085,0,,,1,945,,4086,0,,,1
901070000,'22910',1330,,4087,0,,,1,185,,4088,0,,,1
901070000,'22911',1430,,4089,0,,,1,185,,4090,0,,,1
901070000,'22912',600,,4091,0,,,1,930,,4092,0,,,1
901070000,'22913',645,,4093,0,,,1,985,,4094,0,,,1
901070000,'22914',600,,4095,0,,,1,200,,4096,0,,,1,915,,4097,0,,,1
901070000,'22915',500,,4098,0,,,1,1245,,4099,0,,,1,170,,4100,0,,,1
901070000,'22916',645,,4101,0,,,1,285,,4102,0,,,1,900,,4103,0,,,1,185,,4104,0,,,1
901070000,'22917',730,,4105,0,,,1,270,,4106,0,,,1,915,,4107,0,,,1,130,,4108,0,,,1
901070000,'22918',715,,4109,0,,,1,130,,4110,0,,,1,170,,4111,0,,,1,985,,4112,0,,,1,130,,4113,0,,,1
901070000,'22919',815,,4114,0,,,1,1230,,4115,0,,,1
901070000,'22920',915,,4116,0,,,1,1215,,4117,0,,,1
901070000,'22921',1045,,4118,0,,,1,170,,4119,0,,,1
901070000,'22922',1145,,4120,0,,,1
901070000,'22923',1315,,4121,0,,,1
901070000,'22924',1415,,4122,0,,,1
901070000,'22925',1500,,4123,0,,,1,130,,4124,0,,,1
901070000,'22926',545,,4125,0,,,1,1000,,4126,0,,,1,170,,4127,0,,,1
901070000,'22927',630,,4128,0,,,1,985,,4129,0,,,1,200,,4130,0,,,1
901070000,'22928',630,,4131,0,,,1,1015,,4132,0,,,1
901070000,'22929',600,,4133,0,,,1,1115,,4134,0,,,1,130,,4135,0,,,1
901070000,'22930',630,,4136,0,,,1,185,,4137,0,,,1,930,,4138,0,,,1,200,,4139,0,,,1
901070000,'22931',700,,4140,0,,,1,145,,4141,0,,,1,970,,4142,0,,,1,200,,4143,0,,,1
901070000,'22932',630,,4144,0,,,1,170,,4145,0,,,1,130,,4146,0,,,1,915,,4147,0,,,1,170,,4148,0,,,1
901070000,'22933',645,,4149,0,,,1,170,,4150,0,,,1,1100,,4151,0,,,1,130,,4152,0,,,1
901070000,'22934',730,,4153,0,,,1,170,,4154,0,,,1,1045,,4155,0,,,1,170,,4156,0,,,1
901070000,'22935',830,,4157,0,,,1,1200,,4158,0,,,1
901070000,'22936',930,,4159,0,,,1,1185,,4160,0,,,1
901070000,'22937',1045,,4161,0,,,1,170,,4162,0,,,1,1015,,4163,0,,,1
901070000,'22938',1200,,4164,0,,,1,130,,4165,0,,,1
901070000,'22939',1330,,4166,0,,,1,170,,4167,0,,,1
901070000,'22940',1430,,4168,0,,,1
901070000,'22941',600,,4169,0,,,1,930,,4170,0,,,1
901070000,'22942',600,,4171,0,,,1,1015,,4172,0,,,1
901070000,'22943',600,,4173,0,,,1,130,,4174,0,,,1,915,,4175,0,,,1
901070000,'22944',630,,4176,0,,,1,185,,4177,0,,,1,915,,4178,0,,,1,185,,4179,0,,,1
901070000,'22945',700,,4180,0,,,1,145,,4181,0,,,1,955,,4182,0,,,1,130,,4183,0,,,1
901070000,'22946',615,,4184,0,,,1,185,,4185,0,,,1,130,,4186,0,,,1,900,,4187,0,,,1,185,,4188,0,,,1
901070000,'22947',700,,4189,0,,,1,130,,4190,0,,,1,1085,,4191,0,,,1
901070000,'22948',745,,4192,0,,,1,1200,,4193,0,,,1
901070000,'22949',845,,4194,0,,,1,1200,,4195,0,,,1
901070000,'22950',945,,4196,0,,,1,170,,4197,0,,,1,1015,,4198,0,,,1
901070000,'22951',1115,,4199,0,,,1,1115,,4200,0,,,1
901070000,'22952',2345,,4201,0,,,1
901070000,'22953',1400,,4202,0,,,1
901070000,'22954',1445,,4203,0,,,1
901070000,'22955',1515,,4204,0,,,1,185,,4205,0,,,1
901070000,'22956',600,,4206,0,,,1,945,,4207,0,,,1
901070000,'22957',515,,4208,0,,,1,130,,4209,0,,,1,970,,4210,0,,,1,200,,4211,0,,,1
901070000,'22958',545,,4212,0,,,1,185,,4213,0,,,1,900,,4214,0,,,1,170,,4215,0,,,1,130,,4216,0,,,1
901070000,'22959',615,,4217,0,,,1,130,,4218,0,,,1,955,,4219,0,,,1
901070000,'22960',645,,4220,0,,,1,170,,4221,0,,,1,915,,4222,0,,,1,170,,4223,0,,,1,130,,4224,0,,,1
901070000,'22961',600,,4225,0,,,1,1200,,4226,0,,,1
901070000,'22962',630,,4227,0,,,1,170,,4228,0,,,1,1030,,4229,0,,,1
901070000,'22963',715,,4230,0,,,1,1185,,4231,0,,,1
901070000,'22964',800,,4232,0,,,1,1145,,4233,0,,,1
901070000,'22965',915,,4234,0,,,1,130,,4235,0,,,1,1000,,4236,0,,,1,170,,4237,0,,,1
901070000,'22966',1030,,4238,0,,,1,170,,4239,0,,,1,1000,,4240,0,,,1
901070000,'22967',1200,,4241,0,,,1,130,,4242,0,,,1,1000,,4243,0,,,1
901070000,'22968',1315,,4244,0,,,1,185,,4245,0,,,1
901070000,'22969',1415,,4246,0,,,1
901070000,'22970',545,,4247,0,,,1,955,,4248,0,,,1
901070000,'22971',615,,4249,0,,,1,930,,4250,0,,,1
901070000,'22972',600,,4251,0,,,1,1015,,4252,0,,,1,185,,4253,0,,,1,130,,4254,0,,,1
901070000,'22973',615,,4255,0,,,1,130,,4256,0,,,1,900,,4257,0,,,1
901070000,'22974',630,,4258,0,,,1,185,,4259,0,,,1,900,,4260,0,,,1,185,,4261,0,,,1
901070000,'22975',545,,4262,0,,,1,185,,4263,0,,,1,1185,,4264,0,,,1
901070000,'22976',630,,4265,0,,,1,1200,,4266,0,,,1
901070000,'22977',730,,4267,0,,,1,1170,,4268,0,,,1
901070000,'22978',815,,4269,0,,,1,1130,,4270,0,,,1
901070000,'22979',915,,4271,0,,,1,1115,,4272,0,,,1,170,,4273,0,,,1
901070000,'22980',1030,,4274,0,,,1,1115,,4275,0,,,1
901070000,'22981',2315,,4276,0,,,1
901070000,'22982',1315,,4277,0,,,1
901070000,'22983',1400,,4278,0,,,1
901070000,'22984',1430,,4279,0,,,1
901070000,'22985',530,,4280,0,,,1,970,,4281,0,,,1
901070000,'22986',600,,4282,0,,,1,930,,4283,0,,,1,185,,4284,0,,,1
901070000,'22987',645,,4285,0,,,1,900,,4286,0,,,1
901070000,'22988',600,,4287,0,,,1,130,,4288,0,,,1,885,,4289,0,,,1,185,,4290,0,,,1
901070000,'22989',600,,4291,0,,,1,1045,,4292,0,,,1,170,,4293,0,,,1
901070000,'22990',515,,4294,0,,,1,1200,,4295,0,,,1
901070000,'22991',600,,4296,0,,,1,1145,,4297,0,,,1
901070000,'22992',700,,4298,0,,,1,1130,,4299,0,,,1
901070000,'22993',800,,4300,0,,,1,1130,,4301,0,,,1,185,,4302,0,,,1
901070000,'22994',915,,4303,0,,,1,130,,4304,0,,,1,985,,4305,0,,,1
901070000,'22995',1030,,4306,0,,,1,170,,4307,0,,,1,1000,,4308,0,,,1
901070000,'22996',1145,,4309,0,,,1
901070000,'22997',1300,,4310,0,,,1
901070000,'22998',1400,,4311,0,,,1
901070000,'22999',1430,,4312,0,,,1,185,,4313,0,,,1
901070000,'23000',600,,4314,0,,,1,900,,4315,0,,,1,245,,4316,0,,,1
901070000,'23001',600,,4317,0,,,1,945,,4318,0,,,1,255,,4319,0,,,1
901070000,'23002',600,,4320,0,,,1,130,,4321,0,,,1,885,,4322,0,,,1,185,,4323,0,,,1
901070000,'23003',615,,4324,0,,,1,130,,4325,0,,,1,900,,4326,0,,,1,185,,4327,0,,,1
901070000,'23004',600,,4328,0,,,1,1115,,4329,0,,,1
901070000,'23005',615,,4330,0,,,1,1130,,4331,0,,,1
901070000,'23006',700,,4332,0,,,1,1115,,4333,0,,,1
901070000,'23007',745,,4334,0,,,1,185,,4335,0,,,1,970,,4336,0,,,1,130,,4337,0,,,1
901070000,'23008',830,,4338,0,,,1,170,,4339,0,,,1,1000,,4340,0,,,1
901070000,'23009',1000,,4341,0,,,1,1100,,4342,0,,,1
901070000,'23010',1100,,4343,0,,,1
901070000,'23011',1200,,4344,0,,,1
901070000,'23012',1300,,4345,0,,,1,145,,4346,0,,,1
901070000,'23013',1330,,4347,0,,,1
901070000,'23014',1400,,4348,0,,,1,130,,4349,0,,,1,170,,4350,0,,,1
901070000,'23015',1430,,4351,0,,,1,370,,4352,0,,,1
901070000,'23016',600,,4353,0,,,1,900,,4354,0,,,1,145,,4355,0,,,1,170,,4356,0,,,1
901070000,'23017',630,,4357,0,,,1,900,,4358,0,,,1
901070000,'23018',600,,4359,0,,,1,130,,4360,0,,,1,870,,4361,0,,,1,130,,4362,0,,,1
901070000,'23019',600,,4363,0,,,1,1045,,4364,0,,,1
901070000,'23020',600,,4365,0,,,1,1130,,4366,0,,,1
901070000,'23021',645,,4367,0,,,1,1170,,4368,0,,,1,130,,4369,0,,,1
901070000,'23022',745,,4370,0,,,1,255,,4371,0,,,1,915,,4372,0,,,1
901070000,'23023',800,,4373,0,,,1,145,,4374,0,,,1,985,,4375,0,,,1,170,,4376,0,,,1
901070000,'23024',915,,4377,0,,,1,1185,,4378,0,,,1
901070000,'23025',1030,,4379,0,,,1
901070000,'23026',1130,,4380,0,,,1
901070000,'23027',1215,,4381,0,,,1
901070000,'23028',1300,,4382,0,,,1
901070000,'23029',1330,,4383,0,,,1,315,,4384,0,,,1
901070000,'23030',1400,,4385,0,,,1,200,,4386,0,,,1
901070000,'23031',1430,,4387,0,,,1
901070000,'23032',600,,4388,0,,,1,915,,4389,0,,,1
901070000,'23033',600,,4390,0,,,1,945,,4391,0,,,1
901070000,'23034',545,,4392,0,,,1,170,,4393,0,,,1
901070000,'23035',530,,4394,0,,,1,1170,,4395,0,,,1,130,,4396,0,,,1
901070000,'23036',645,,4397,0,,,1,170,,4398,0,,,1,915,,4399,0,,,1
901070000,'23037',715,,4400,0,,,1,130,,4401,0,,,1,985,,4402,0,,,1,170,,4403,0,,,1
901070000,'23038',800,,4404,0,,,1,130,,4405,0,,,1,1000,,4406,0,,,1
901070000,'23039',900,,4407,0,,,1,130,,4408,0,,,1,1000,,4409,0,,,1
901070000,'23040',945,,4410,0,,,1,1200,,4411,0,,,1
901070000,'23041',1045,,4412,0,,,1
901070000,'23042',1130,,4413,0,,,1
901070000,'23043',1200,,4414,0,,,1,215,,4415,0,,,1
901070000,'23044',1245,,4416,0,,,1,170,,4417,0,,,1
901070000,'23045',1315,,4418,0,,,1
901070000,'23046',1400,,4419,0,,,1
901070000,'23047',600,,4420,0,,,1,845,,4421,0,,,1
901070000,'23048',630,,4422,0,,,1,900,,4423,0,,,1
901070000,'23049',600,,4424,0,,,1,130,,4425,0,,,1,885,,4426,0,,,1,130,,4427,0,,,1
901070000,'23050',645,,4428,0,,,1,170,,4429,0,,,1,900,,4430,0,,,1
901070000,'23051',715,,4431,0,,,1,185,,4432,0,,,1,915,,4433,0,,,1,130,,4434,0,,,1
901070000,'23052',745,,4435,0,,,1,1185,,4436,0,,,1
901070000,'23053',900,,4437,0,,,1,1200,,4438,0,,,1
901070000,'23054',1000,,4439,0,,,1
901070000,'23055',1045,,4440,0,,,1
901070000,'23056',1145,,4441,0,,,1
901070000,'23057',1230,,4442,0,,,1,315,,4443,0,,,1
901070000,'23058',1315,,4444,0,,,1,200,,4445,0,,,1
901070000,'23059',1345,,4446,0,,,1
901070000,'23060',1430,,4447,0,,,1
901070000,'23061',545,,4448,0,,,1,955,,4449,0,,,1
901070000,'23062',615,,4450,0,,,1,915,,4451,0,,,1
901070000,'23063',645,,4452,0,,,1,970,,4453,0,,,1
901070000,'23064',715,,4454,0,,,1,930,,4455,0,,,1
901070000,'23065',745,,4456,0,,,1,985,,4457,0,,,1
901070000,'23066',645,,4458,0,,,1,185,,4459,0,,,1,985,,4460,0,,,1
901070000,'23067',730,,4461,0,,,1,185,,4462,0,,,1,985,,4463,0,,,1
901070000,'23068',815,,4464,0,,,1,200,,4465,0,,,1,985,,4466,0,,,1
901070000,'23069',900,,4467,0,,,1,145,,4468,0,,,1,1070,,4469,0,,,1
901070000,'23070',945,,4470,0,,,1
901070000,'23071',1030,,4471,0,,,1,285,,4472,0,,,1
901070000,'23072',1115,,4473,0,,,1,200,,4474,0,,,1
901070000,'23073',1215,,4475,0,,,1
901070000,'23074',1300,,4476,0,,,1
901070000,'23075',1345,,4477,0,,,1
901070000,'23076',1445,,4478,0,,,1
901070000,'23077',615,,4479,0,,,1,915,,4480,0,,,1
901070000,'23078',715,,4481,0,,,1,900,,4482,0,,,1
901070000,'23079',745,,4483,0,,,1,970,,4484,0,,,1
901070000,'23080',630,,4485,0,,,1,1185,,4486,0,,,1
901070000,'23081',715,,4487,0,,,1,1200,,4488,0,,,1
901070000,'23082',815,,4489,0,,,1,1215,,4490,0,,,1
901070000,'23083',900,,4491,0,,,1,1245,,4492,0,,,1
901070001,'23177',830,,4538,1,4,,1,215,,4539,1,4,,1,955,,4540,1,4,,1,130,,4541,1,4,,1
901070001,'23178',915,,4542,1,4,,1,200,,4543,1,4,,1,915,,4544,1,4,,1
901070001,'23179',815,,4545,1,4,,1,130,,4546,1,4,,1,185,,4547,1,4,,1,985,,4548,1,4,,1,130,,4549,1,4,,1
901070001,'23180',1215,,4550,1,4,,1,930,,4551,1,4,,1
901070001,'23181',1245,,4552,1,4,,1,985,,4553,1,4,,1
901070001,'23182',1330,,4554,1,4,,1,985,,4555,1,4,,1
901070001,'23183',1230,,4556,1,4,,1,185,,4557,1,4,,1
901070001,'23184',1345,,4558,1,4,,1,170,,4559,1,4,,1
901070001,'23185',100,,4560,1,4,,1,1400,,4562,1,4,,1,145,,4561,1,4,,1
901070001,'23186',1545,,4563,1,4,,1,200,,4564,1,4,,1
901070001,'23187',715,,4565,1,4,,1,1185,,4566,1,4,,1
901070001,'23188',815,,4567,1,4,,1,1185,,4568,1,4,,1
901070001,'23189',745,,4569,1,4,,1,170,,4570,1,4,,1,1185,,4571,1,4,,1
901070001,'23190',830,,4572,1,4,,1,170,,4573,1,4,,1,900,,4574,1,4,,1,130,,4575,1,4,,1
901070001,'23191',815,,4576,1,4,,1,230,,4577,1,4,,1,955,,4578,1,4,,1,145,,4579,1,4,,1
901070001,'23192',900,,4580,1,4,,1,230,,4581,1,4,,1,900,,4582,1,4,,1,170,,4583,1,4,,1
901070001,'23193',830,,4584,1,4,,1,170,,4585,1,4,,1,200,,4586,1,4,,1,915,,4587,1,4,,1,130,,4588,1,4,,1
901070001,'23194',1230,,4589,1,4,,1,970,,4590,1,4,,1
901070001,'23195',1315,,4591,1,4,,1,930,,4592,1,4,,1
901070001,'23196',1200,,4593,1,4,,1,130,,4594,1,4,,1
901070001,'23197',1400,,4595,1,4,,1
901070001,'23198',1515,,4596,1,4,,1
901070001,'23199',1615,,4597,1,4,,1
901070001,'23200',1615,,4598,1,4,,1,130,,4599,1,4,,1
901070001,'23201',700,,4600,1,4,,1,1000,,4601,1,4,,1,130,,4602,1,4,,1
901070001,'23202',745,,4603,1,4,,1,985,,4604,1,4,,1,200,,4605,1,4,,1
901070001,'23203',830,,4606,1,4,,1,1185,,4607,1,4,,1
901070001,'23204',915,,4608,1,4,,1,915,,4609,1,4,,1,270,,4610,1,4,,1
901070001,'23205',745,,4611,1,4,,1,200,,4612,1,4,,1,970,,4613,1,4,,1,200,,4614,1,4,,1
901070001,'23206',815,,4615,1,4,,1,200,,4616,1,4,,1,985,,4617,1,4,,1,130,,4618,1,4,,1
901070001,'23207',745,,4619,1,4,,1,170,,4620,1,4,,1,130,,4621,1,4,,1,955,,4622,1,4,,1,130,,4623,1,4,,1
901070001,'23208',930,,4624,1,4,,1,185,,4625,1,4,,1,915,,4626,1,4,,1,170,,4627,1,4,,1
901070001,'23209',1015,,4628,1,4,,1,130,,4629,1,4,,1,955,,4630,1,4,,1,130,,4631,1,4,,1
901070001,'23210',1215,,4632,1,4,,1,930,,4633,1,4,,1
901070001,'23211',1245,,4634,1,4,,1,985,,4635,1,4,,1
901070001,'23212',1200,,4636,1,4,,1,145,,4637,1,4,,1,1000,,4638,1,4,,1
901070001,'23213',1315,,4639,1,4,,1,130,,4640,1,4,,1
901070001,'23214',1445,,4641,1,4,,1,170,,4642,1,4,,1
901070001,'23215',1745,,4643,1,4,,1
901070001,'23216',715,,4644,1,4,,1,1185,,4645,1,4,,1
901070001,'23217',815,,4646,1,4,,1,1185,,4647,1,4,,1
901070001,'23218',715,,4648,1,4,,1,185,,4649,1,4,,1,1200,,4650,1,4,,1
901070001,'23219',745,,4651,1,4,,1,200,,4652,1,4,,1,955,,4653,1,4,,1,130,,4654,1,4,,1
901070001,'23220',815,,4655,1,4,,1,200,,4656,1,4,,1,900,,4657,1,4,,1,130,,4658,1,4,,1
901070001,'23221',730,,4659,1,4,,1,185,,4660,1,4,,1,185,,4661,1,4,,1,900,,4662,1,4,,1,130,,4663,1,4,,1
901070001,'23222',945,,4664,1,4,,1,170,,4665,1,4,,1,915,,4666,1,4,,1
901070001,'23223',1145,,4667,1,4,,1,955,,4668,1,4,,1
901070001,'23224',1215,,4669,1,4,,1,985,,4670,1,4,,1
901070001,'23225',1100,,4671,1,4,,1,130,,4672,1,4,,1,1015,,4673,1,4,,1
901070001,'23226',1300,,4674,1,4,,1,1045,,4675,1,4,,1
901070001,'23227',100,,4676,1,4,,1
901070001,'23228',1545,,4677,1,4,,1
901070001,'23229',1645,,4678,1,4,,1
901070001,'23230',1645,,4679,1,4,,1,170,,4680,1,4,,1
901070001,'23231',715,,4681,1,4,,1,1200,,4682,1,4,,1
901070001,'23232',630,,4683,1,4,,1,170,,4684,1,4,,1,945,,4685,1,4,,1,200,,4686,1,4,,1
901070001,'23233',715,,4687,1,4,,1,130,,4688,1,4,,1,900,,4689,1,4,,1,170,,4690,1,4,,1,130,,4691,1,4,,1
901070001,'23234',730,,4692,1,4,,1,185,,4693,1,4,,1,900,,4694,1,4,,1
901070001,'23235',800,,4695,1,4,,1,145,,4696,1,4,,1,900,,4697,1,4,,1,170,,4698,1,4,,1,185,,4699,1,4,,1
901070001,'23236',1015,,4700,1,4,,1,900,,4701,1,4,,1
901070001,'23237',915,,4702,1,4,,1,130,,4703,1,4,,1,900,,4704,1,4,,1
901070001,'23238',1115,,4705,1,4,,1,900,,4706,1,4,,1
901070001,'23239',1145,,4707,1,4,,1,955,,4708,1,4,,1
901070001,'23240',1030,,4709,1,4,,1,185,,4710,1,4,,1,985,,4711,1,4,,1,130,,4712,1,4,,1
901070001,'23241',1145,,4713,1,4,,1,170,,4714,1,4,,1,1000,,4715,1,4,,1
901070001,'23242',1315,,4716,1,4,,1,130,,4717,1,4,,1
901070001,'23243',45,,4718,1,4,,1,1400,,4720,1,4,,1,185,,4719,1,4,,1
901070001,'23244',1745,,4721,1,4,,1
901070001,'23245',700,,4722,1,4,,1,1200,,4723,1,4,,1
901070001,'23246',745,,4724,1,4,,1,1255,,4725,1,4,,1
901070001,'23247',830,,4726,1,4,,1,915,,4727,1,4,,1,170,,4728,1,4,,1,130,,4729,1,4,,1
901070001,'23248',730,,4730,1,4,,1,185,,4731,1,4,,1,885,,4732,1,4,,1
901070001,'23249',745,,4733,1,4,,1,200,,4734,1,4,,1,900,,4735,1,4,,1,170,,4736,1,4,,1
901070001,'23250',845,,4737,1,4,,1,1055,,4738,1,4,,1,130,,4739,1,4,,1
901070001,'23251',1045,,4740,1,4,,1,900,,4741,1,4,,1
901070001,'23252',1100,,4742,1,4,,1,915,,4743,1,4,,1
901070001,'23253',1130,,4744,1,4,,1,970,,4745,1,4,,1
901070001,'23254',1130,,4746,1,4,,1,1015,,4747,1,4,,1,170,,4748,1,4,,1
901070001,'23255',1230,,4749,1,4,,1,1070,,4750,1,4,,1
901070001,'23257',30,,4751,1,4,,1,1470,,4752,1,4,,1
901070001,'23258',1630,,4753,1,4,,1
901070001,'23259',1745,,4754,1,4,,1
901070001,'23260',645,,4755,1,4,,1,1200,,4756,1,4,,1
901070001,'23261',730,,4757,1,4,,1,970,,4758,1,4,,1,130,,4759,1,4,,1
901070001,'23262',815,,4760,1,4,,1,885,,4761,1,4,,1
901070001,'23263',715,,4762,1,4,,1,130,,4763,1,4,,1,900,,4764,1,4,,1,170,,4765,1,4,,1
901070001,'23264',915,,4766,1,4,,1,1015,,4767,1,4,,1,170,,4768,1,4,,1
901070001,'23265',815,,4769,1,4,,1,130,,4770,1,4,,1,1185,,4771,1,4,,1
901070001,'23266',1015,,4772,1,4,,1,885,,4773,1,4,,1
901070001,'23267',1045,,4774,1,4,,1,900,,4775,1,4,,1
901070001,'23268',1130,,4776,1,4,,1,970,,4777,1,4,,1,130,,4778,1,4,,1
901070001,'23269',1030,,4779,1,4,,1,170,,4780,1,4,,1,945,,4781,1,4,,1
901070001,'23270',1145,,4782,1,4,,1,170,,4783,1,4,,1,1000,,4784,1,4,,1
901070001,'23271',1500,,4785,1,4,,1
901070001,'23272',1630,,4786,1,4,,1
901070001,'23273',1745,,4787,1,4,,1
901070001,'23274',1730,,4788,1,4,,1,170,,4789,1,4,,1
901070001,'23275',730,,4790,1,4,,1,900,,4791,1,4,,1,270,,4792,1,4,,1
901070001,'23276',815,,4793,1,4,,1,885,,4794,1,4,,1,215,,4795,1,4,,1
901070001,'23277',715,,4796,1,4,,1,130,,4797,1,4,,1,900,,4798,1,4,,1,170,,4799,1,4,,1
901070001,'23278',730,,4800,1,4,,1,185,,4801,1,4,,1,900,,4802,1,4,,1,130,,4803,1,4,,1
901070001,'23279',945,,4804,1,4,,1,1200,,4805,1,4,,1
901070001,'23280',1000,,4806,1,4,,1,900,,4807,1,4,,1
901070001,'23281',1030,,4808,1,4,,1,970,,4809,1,4,,1
901070001,'23282',900,,4810,1,4,,1,145,,4811,1,4,,1,970,,4812,1,4,,1,130,,4813,1,4,,1
901070001,'23283',945,,4814,1,4,,1,170,,4815,1,4,,1,1000,,4816,1,4,,1
901070001,'23284',1145,,4817,1,4,,1,1070,,4818,1,4,,1
901070001,'23285',1300,,4819,1,4,,1
901070001,'23286',1415,,4820,1,4,,1
901070001,'23287',1415,,4821,1,4,,1,185,,4822,1,4,,1
901070001,'23288',1715,,4823,1,4,,1
901070001,'23289',1515,,4824,1,4,,1,130,,4825,1,4,,1,170,,4826,1,4,,1
901070001,'23290',1545,,4827,1,4,,1,370,,4828,1,4,,1
901070001,'23291',730,,4829,1,4,,1,900,,4830,1,4,,1,170,,4831,1,4,,1,130,,4832,1,4,,1
901070001,'23292',800,,4833,1,4,,1,1115,,4834,1,4,,1,130,,4835,1,4,,1
901070001,'23293',715,,4836,1,4,,1,130,,4837,1,4,,1,1000,,4838,1,4,,1,255,,4839,1,4,,1
901070001,'23294',915,,4840,1,4,,1,1185,,4841,1,4,,1
901070001,'23295',1000,,4842,1,4,,1,1145,,4843,1,4,,1
901070001,'23296',1030,,4844,1,4,,1,900,,4845,1,4,,1,170,,4846,1,4,,1
901070001,'23297',945,,4847,1,4,,1,170,,4848,1,4,,1,915,,4849,1,4,,1
901070001,'23298',930,,4850,1,4,,1,185,,4851,1,4,,1,930,,4852,1,4,,1,170,,4853,1,4,,1
901070001,'23299',1230,,4854,1,4,,1,985,,4855,1,4,,1
901070001,'23300',1400,,4856,1,4,,1
901070001,'23301',1530,,4857,1,4,,1
901070001,'23302',1630,,4858,1,4,,1
901070001,'23303',1730,,4859,1,4,,1
901070001,'23304',1445,,4860,1,4,,1,370,,4861,1,4,,1
901070001,'23305',1530,,4862,1,4,,1,300,,4863,1,4,,1
901070001,'23306',1815,,4864,1,4,,1,130,,4865,1,4,,1
901070001,'23307',730,,4866,1,4,,1,1285,,4867,1,4,,1
901070001,'23308',800,,4868,1,4,,1,1245,,4869,1,4,,1
901070001,'23309',700,,4870,1,4,,1,1430,,4871,1,4,,1
901070001,'23310',900,,4872,1,4,,1,915,,4873,1,4,,1,130,,4874,1,4,,1
901070001,'23311',800,,4875,1,4,,1,130,,4876,1,4,,1,915,,4877,1,4,,1
901070001,'23312',830,,4878,1,4,,1,170,,4879,1,4,,1,945,,4880,1,4,,1,170,,4881,1,4,,1
901070001,'23313',915,,4882,1,4,,1,130,,4883,1,4,,1,1000,,4884,1,4,,1
901070001,'23314',1015,,4885,1,4,,1,130,,4886,1,4,,1,1000,,4887,1,4,,1
901070001,'23315',1300,,4888,1,4,,1,1000,,4889,1,4,,1
901070001,'23316',1400,,4890,1,4,,1
901070001,'23317',1530,,4891,1,4,,1
901070001,'23318',1315,,4892,1,4,,1,315,,4893,1,4,,1
901070001,'23319',1400,,4894,1,4,,1,230,,4895,1,4,,1
901070001,'23320',1830,,4896,1,4,,1
901070001,'23321',1930,,4897,1,4,,1
901070001,'23322',715,,4898,1,4,,1,1300,,4899,1,4,,1
901070001,'23323',800,,4900,1,4,,1,1200,,4901,1,4,,1
901070001,'23324',715,,4902,1,4,,1,130,,4903,1,4,,1,885,,4904,1,4,,1,170,,4905,1,4,,1
901070001,'23325',800,,4906,1,4,,1,130,,4907,1,4,,1,900,,4908,1,4,,1
901070001,'23326',830,,4909,1,4,,1,200,,4910,1,4,,1,900,,4911,1,4,,1,170,,4912,1,4,,1
901070001,'23327',1130,,4913,1,4,,1,915,,4914,1,4,,1
901070001,'23328',1230,,4915,1,4,,1,985,,4916,1,4,,1
901070001,'23329',1345,,4917,1,4,,1
901070001,'23330',1500,,4918,1,4,,1
901070001,'23331',1600,,4919,1,4,,1
901070001,'23332',1400,,4920,1,4,,1,300,,4921,1,4,,1
901070001,'23333',1445,,4922,1,4,,1,200,,4923,1,4,,1
901070001,'23334',1845,,4924,1,4,,1
901070001,'23335',1915,,4925,1,4,,1
901070001,'23336',715,,4926,1,4,,1,1230,,4927,1,4,,1
901070001,'23337',745,,4928,1,4,,1,1255,,4929,1,4,,1
901070001,'23338',815,,4930,1,4,,1,930,,4931,1,4,,1
901070001,'23339',845,,4932,1,4,,1,970,,4933,1,4,,1
901070001,'23340',915,,4934,1,4,,1,985,,4935,1,4,,1
901070001,'23341',815,,4936,1,4,,1,185,,4937,1,4,,1,945,,4938,1,4,,1
901070001,'23342',900,,4939,1,4,,1,145,,4940,1,4,,1,985,,4941,1,4,,1
901070001,'23343',945,,4942,1,4,,1,185,,4943,1,4,,1,1000,,4944,1,4,,1
901070001,'23344',1030,,4945,1,4,,1,185,,4946,1,4,,1,1030,,4947,1,4,,1
901070001,'23345',1330,,4948,1,4,,1
901070001,'23346',1200,,4949,1,4,,1,245,,4950,1,4,,1
901070001,'23347',1245,,4951,1,4,,1,355,,4952,1,4,,1
901070001,'23348',1700,,4953,1,4,,1
901070001,'23349',1815,,4954,1,4,,1
901070001,'23350',1830,,4955,1,4,,1
901070001,'23351',1700,,4956,1,4,,1
901070001,'23352',745,,4957,1,4,,1,955,,4958,1,4,,1
901070001,'23353',845,,4959,1,4,,1,985,,4960,1,4,,1
901070001,'23354',915,,4961,1,4,,1,930,,4962,1,4,,1
901070001,'23355',1030,,4963,1,4,,1,915,,4964,1,4,,1
901070001,'23356',1115,,4965,1,4,,1,930,,4966,1,4,,1
901070001,'23357',1215,,4967,1,4,,1,985,,4968,1,4,,1
901070001,'23358',1315,,4969,1,4,,1,1000,,4970,1,4,,1
