90500000,'14813',830,,1,1,4,,2,770,,2,1,4,,2
90500000,'14814',830,,3,1,4,,2,770,,4,1,4,,2
90500000,'14815',830,,5,1,4,,2,770,,6,1,4,,2
90500000,'14816',830,,7,1,4,,2,770,,8,1,4,,2
90500000,'14817',830,,9,1,4,,2,770,,10,1,4,,2
90500000,'14818',830,,11,1,4,,2,770,,12,1,4,,2
90500001,'14806',900,,13,0,,,2,730,,14,0,,,2
90500001,'14807',900,,15,0,,,2,730,,16,0,,,2
90500001,'14808',900,,17,0,,,2,730,,18,0,,,2
90500001,'14809',900,,19,0,,,2,730,,20,0,,,2
90500001,'14810',900,,21,0,,,2,730,,22,0,,,2
90500001,'14811',900,,23,0,,,2,730,,24,0,,,2
