901030000,'23970',730,,2904,0,,,1,100,,2903,0,,,1,100,,2902,0,,,1,100,,2901,0,,,1,100,,2900,0,,,1,100,,2889,0,,,1,100,,2899,0,,,1,100,,2898,0,,,1,100,,2897,0,,,1,100,,2896,0,,,1,100,,2895,0,,,1,100,,2894,0,,,1,100,,2893,0,,,1,100,,2892,0,,,1,100,,2891,0,,,1,200,,2890,0,,,1
901030000,'23971',630,,2921,0,,,1,100,,2920,0,,,1,100,,2919,0,,,1,100,,2918,0,,,1,100,,2917,0,,,1,100,,2916,0,,,1,100,,2905,0,,,1,100,,2915,0,,,1,100,,2914,0,,,1,100,,2913,0,,,1,100,,2912,0,,,1,100,,2911,0,,,1,100,,2910,0,,,1,100,,2909,0,,,1,100,,2908,0,,,1,100,,2907,0,,,1,200,,2906,0,,,1
901030000,'23972',630,,2938,0,,,1,100,,2937,0,,,1,100,,2936,0,,,1,100,,2935,0,,,1,100,,2934,0,,,1,100,,2933,0,,,1,100,,2922,0,,,1,100,,2932,0,,,1,100,,2931,0,,,1,100,,2930,0,,,1,100,,2929,0,,,1,100,,2928,0,,,1,100,,2927,0,,,1,100,,2926,0,,,1,100,,2925,0,,,1,100,,2924,0,,,1,200,,2923,0,,,1
901030000,'23973',630,,2955,0,,,1,100,,2954,0,,,1,100,,2953,0,,,1,100,,2952,0,,,1,100,,2951,0,,,1,100,,2950,0,,,1,100,,2939,0,,,1,100,,2949,0,,,1,100,,2948,0,,,1,100,,2947,0,,,1,100,,2946,0,,,1,100,,2945,0,,,1,100,,2944,0,,,1,100,,2943,0,,,1,100,,2942,0,,,1,100,,2941,0,,,1,200,,2940,0,,,1
901030000,'23974',630,,2972,0,,,1,100,,2971,0,,,1,100,,2970,0,,,1,100,,2969,0,,,1,100,,2968,0,,,1,100,,2967,0,,,1,100,,2956,0,,,1,100,,2966,0,,,1,100,,2965,0,,,1,100,,2964,0,,,1,100,,2963,0,,,1,100,,2962,0,,,1,100,,2961,0,,,1,100,,2960,0,,,1,100,,2959,0,,,1,100,,2958,0,,,1,200,,2957,0,,,1
901030000,'23975',630,,2989,0,,,1,100,,2988,0,,,1,100,,2987,0,,,1,100,,2986,0,,,1,100,,2985,0,,,1,100,,2984,0,,,1,100,,2973,0,,,1,100,,2983,0,,,1,100,,2982,0,,,1,100,,2981,0,,,1,100,,2980,0,,,1,100,,2979,0,,,1,100,,2978,0,,,1,100,,2977,0,,,1,100,,2976,0,,,1,100,,2975,0,,,1,200,,2974,0,,,1
901030000,'23976',730,,3005,0,,,1,100,,3004,0,,,1,100,,3003,0,,,1,100,,3002,0,,,1,100,,3001,0,,,1,100,,2990,0,,,1,100,,3000,0,,,1,100,,2999,0,,,1,100,,2998,0,,,1,100,,2997,0,,,1,100,,2996,0,,,1,100,,2995,0,,,1,100,,2994,0,,,1,100,,2993,0,,,1,100,,2992,0,,,1,200,,2991,0,,,1
901030000,'23984',730,,3006,0,,,1,100,,3007,0,,,1,100,,3008,0,,,1,200,,3009,0,,,1,200,,3010,0,,,1,200,,3011,0,,,1,100,,3012,0,,,1,100,,3013,0,,,1,100,,3014,0,,,1,200,,3015,0,,,1,200,,3016,0,,,1
901030000,'23985',630,,3017,0,,,1,100,,3018,0,,,1,100,,3019,0,,,1,100,,3020,0,,,1,200,,3021,0,,,1,200,,3022,0,,,1,200,,3023,0,,,1,100,,3024,0,,,1,100,,3025,0,,,1,100,,3026,0,,,1,200,,3027,0,,,1,200,,3028,0,,,1
901030000,'23986',630,,3029,0,,,1,100,,3030,0,,,1,100,,3031,0,,,1,100,,3032,0,,,1,200,,3033,0,,,1,200,,3034,0,,,1,200,,3035,0,,,1,100,,3036,0,,,1,100,,3037,0,,,1,100,,3038,0,,,1,200,,3039,0,,,1,200,,3040,0,,,1
901030000,'23987',630,,3041,0,,,1,100,,3042,0,,,1,100,,3043,0,,,1,100,,3044,0,,,1,200,,3045,0,,,1,200,,3046,0,,,1,200,,3047,0,,,1,100,,3048,0,,,1,100,,3049,0,,,1,100,,3050,0,,,1,200,,3051,0,,,1,200,,3052,0,,,1
901030000,'23988',630,,3053,0,,,1,100,,3054,0,,,1,100,,3055,0,,,1,100,,3056,0,,,1,200,,3057,0,,,1,200,,3058,0,,,1,200,,3059,0,,,1,100,,3060,0,,,1,100,,3061,0,,,1,100,,3062,0,,,1,200,,3063,0,,,1,200,,3064,0,,,1
901030000,'23989',630,,3065,0,,,1,100,,3066,0,,,1,100,,3067,0,,,1,100,,3068,0,,,1,200,,3069,0,,,1,200,,3070,0,,,1,200,,3071,0,,,1,100,,3072,0,,,1,100,,3073,0,,,1,100,,3074,0,,,1,200,,3075,0,,,1,200,,3076,0,,,1
901030000,'23990',730,,3077,0,,,1,100,,3078,0,,,1,100,,3079,0,,,1,200,,3080,0,,,1,200,,3081,0,,,1,200,,3082,0,,,1,100,,3083,0,,,1,100,,3084,0,,,1,100,,3085,0,,,1,200,,3086,0,,,1,200,,3087,0,,,1
901030000,'24012',730,,3103,0,,,1,100,,3102,0,,,1,100,,3101,0,,,1,100,,3100,0,,,1,100,,3099,0,,,1,100,,3088,0,,,1,100,,3098,0,,,1,100,,3097,0,,,1,100,,3096,0,,,1,100,,3095,0,,,1,100,,3094,0,,,1,100,,3093,0,,,1,100,,3092,0,,,1,100,,3091,0,,,1,100,,3090,0,,,1,200,,3089,0,,,1
901030000,'24013',630,,3120,0,,,1,100,,3119,0,,,1,100,,3118,0,,,1,100,,3117,0,,,1,100,,3116,0,,,1,100,,3115,0,,,1,100,,3104,0,,,1,100,,3114,0,,,1,100,,3113,0,,,1,100,,3112,0,,,1,100,,3111,0,,,1,100,,3110,0,,,1,100,,3109,0,,,1,100,,3108,0,,,1,100,,3107,0,,,1,100,,3106,0,,,1,200,,3105,0,,,1
901030000,'24014',630,,3137,0,,,1,100,,3136,0,,,1,100,,3135,0,,,1,100,,3134,0,,,1,100,,3133,0,,,1,100,,3132,0,,,1,100,,3121,0,,,1,100,,3131,0,,,1,100,,3130,0,,,1,100,,3129,0,,,1,100,,3128,0,,,1,100,,3127,0,,,1,100,,3126,0,,,1,100,,3125,0,,,1,100,,3124,0,,,1,100,,3123,0,,,1,200,,3122,0,,,1
901030000,'24015',630,,3154,0,,,1,100,,3153,0,,,1,100,,3152,0,,,1,100,,3151,0,,,1,100,,3150,0,,,1,100,,3149,0,,,1,100,,3138,0,,,1,100,,3148,0,,,1,100,,3147,0,,,1,100,,3146,0,,,1,100,,3145,0,,,1,100,,3144,0,,,1,100,,3143,0,,,1,100,,3142,0,,,1,100,,3141,0,,,1,100,,3140,0,,,1,200,,3139,0,,,1
901030000,'24016',630,,3171,0,,,1,100,,3170,0,,,1,100,,3169,0,,,1,100,,3168,0,,,1,100,,3167,0,,,1,100,,3166,0,,,1,100,,3155,0,,,1,100,,3165,0,,,1,100,,3164,0,,,1,100,,3163,0,,,1,100,,3162,0,,,1,100,,3161,0,,,1,100,,3160,0,,,1,100,,3159,0,,,1,100,,3158,0,,,1,100,,3157,0,,,1,200,,3156,0,,,1
901030000,'24017',630,,3188,0,,,1,100,,3187,0,,,1,100,,3186,0,,,1,100,,3185,0,,,1,100,,3184,0,,,1,100,,3183,0,,,1,100,,3172,0,,,1,100,,3182,0,,,1,100,,3181,0,,,1,100,,3180,0,,,1,100,,3179,0,,,1,100,,3178,0,,,1,100,,3177,0,,,1,100,,3176,0,,,1,100,,3175,0,,,1,100,,3174,0,,,1,200,,3173,0,,,1
901030000,'24018',730,,3204,0,,,1,100,,3203,0,,,1,100,,3202,0,,,1,100,,3201,0,,,1,100,,3200,0,,,1,100,,3189,0,,,1,100,,3199,0,,,1,100,,3198,0,,,1,100,,3197,0,,,1,100,,3196,0,,,1,100,,3195,0,,,1,100,,3194,0,,,1,100,,3193,0,,,1,100,,3192,0,,,1,100,,3191,0,,,1,200,,3190,0,,,1
901030000,'24476',730,,11607,0,,,1,100,,11608,0,,,1,100,,11609,0,,,1,70,,11610,0,,,1,30,,11611,0,,,1,70,,11612,0,,,1,30,,11613,0,,,1,70,,11614,0,,,1,30,,11615,0,,,1,70,,11616,0,,,1,30,,11617,0,,,1,70,,11618,0,,,1,30,,11619,0,,,1,70,,11620,0,,,1,30,,11621,0,,,1,70,,11622,0,,,1,30,,11623,0,,,1,70,,11624,0,,,1,30,,11625,0,,,1,70,,11626,0,,,1,30,,11627,0,,,1,100,,11628,0,,,1,100,,11629,0,,,1,100,,11630,0,,,1,100,,11631,0,,,1,100,,11632,0,,,1
901030000,'24477',630,,11659,0,,,1,100,,11658,0,,,1,100,,11657,0,,,1,100,,11656,0,,,1,70,,11633,0,,,1,30,,11655,0,,,1,70,,11654,0,,,1,30,,11653,0,,,1,70,,11652,0,,,1,30,,11651,0,,,1,70,,11650,0,,,1,30,,11649,0,,,1,70,,11648,0,,,1,30,,11647,0,,,1,70,,11646,0,,,1,30,,11645,0,,,1,70,,11644,0,,,1,30,,11643,0,,,1,70,,11642,0,,,1,30,,11641,0,,,1,70,,11640,0,,,1,30,,11639,0,,,1,100,,11638,0,,,1,100,,11637,0,,,1,100,,11636,0,,,1,100,,11635,0,,,1,100,,11634,0,,,1
901030000,'24478',630,,11686,0,,,1,100,,11685,0,,,1,100,,11684,0,,,1,100,,11683,0,,,1,70,,11660,0,,,1,30,,11682,0,,,1,70,,11681,0,,,1,30,,11680,0,,,1,70,,11679,0,,,1,30,,11678,0,,,1,70,,11677,0,,,1,30,,11676,0,,,1,70,,11675,0,,,1,30,,11674,0,,,1,70,,11673,0,,,1,30,,11672,0,,,1,70,,11671,0,,,1,30,,11670,0,,,1,70,,11669,0,,,1,30,,11668,0,,,1,70,,11667,0,,,1,30,,11666,0,,,1,100,,11665,0,,,1,100,,11664,0,,,1,100,,11663,0,,,1,100,,11662,0,,,1,100,,11661,0,,,1
901030000,'24479',630,,11713,0,,,1,100,,11712,0,,,1,100,,11711,0,,,1,100,,11710,0,,,1,70,,11687,0,,,1,30,,11709,0,,,1,70,,11708,0,,,1,30,,11707,0,,,1,70,,11706,0,,,1,30,,11705,0,,,1,70,,11704,0,,,1,30,,11703,0,,,1,70,,11702,0,,,1,30,,11701,0,,,1,70,,11700,0,,,1,30,,11699,0,,,1,70,,11698,0,,,1,30,,11697,0,,,1,70,,11696,0,,,1,30,,11695,0,,,1,70,,11694,0,,,1,30,,11693,0,,,1,100,,11692,0,,,1,100,,11691,0,,,1,100,,11690,0,,,1,100,,11689,0,,,1,100,,11688,0,,,1
901030000,'24480',630,,11740,0,,,1,100,,11739,0,,,1,100,,11738,0,,,1,100,,11737,0,,,1,70,,11714,0,,,1,30,,11736,0,,,1,70,,11735,0,,,1,30,,11734,0,,,1,70,,11733,0,,,1,30,,11732,0,,,1,70,,11731,0,,,1,30,,11730,0,,,1,70,,11729,0,,,1,30,,11728,0,,,1,70,,11727,0,,,1,30,,11726,0,,,1,70,,11725,0,,,1,30,,11724,0,,,1,70,,11723,0,,,1,30,,11722,0,,,1,70,,11721,0,,,1,30,,11720,0,,,1,100,,11719,0,,,1,100,,11718,0,,,1,100,,11717,0,,,1,100,,11716,0,,,1,100,,11715,0,,,1
901030000,'24481',630,,11767,0,,,1,100,,11766,0,,,1,100,,11765,0,,,1,100,,11764,0,,,1,70,,11741,0,,,1,30,,11763,0,,,1,70,,11762,0,,,1,30,,11761,0,,,1,70,,11760,0,,,1,30,,11759,0,,,1,70,,11758,0,,,1,30,,11757,0,,,1,70,,11756,0,,,1,30,,11755,0,,,1,70,,11754,0,,,1,30,,11753,0,,,1,70,,11752,0,,,1,30,,11751,0,,,1,70,,11750,0,,,1,30,,11749,0,,,1,70,,11748,0,,,1,30,,11747,0,,,1,100,,11746,0,,,1,100,,11745,0,,,1,100,,11744,0,,,1,100,,11743,0,,,1,100,,11742,0,,,1
901030000,'24482',730,,11768,0,,,1,100,,11769,0,,,1,100,,11770,0,,,1,70,,11771,0,,,1,30,,11772,0,,,1,70,,11773,0,,,1,30,,11774,0,,,1,70,,11775,0,,,1,30,,11776,0,,,1,70,,11777,0,,,1,30,,11778,0,,,1,70,,11779,0,,,1,30,,11780,0,,,1,70,,11781,0,,,1,30,,11782,0,,,1,70,,11783,0,,,1,30,,11784,0,,,1,70,,11785,0,,,1,30,,11786,0,,,1,70,,11787,0,,,1,30,,11788,0,,,1,100,,11789,0,,,1,100,,11790,0,,,1,100,,11791,0,,,1,100,,11792,0,,,1,100,,11793,0,,,1
901030001,'23963',720,,3470,1,4,,1,100,,3469,1,4,,1,100,,3468,1,4,,1,100,,3467,1,4,,1,100,,3466,1,4,,1,100,,3455,1,4,,1,100,,3465,1,4,,1,100,,3464,1,4,,1,100,,3463,1,4,,1,100,,3462,1,4,,1,100,,3461,1,4,,1,100,,3460,1,4,,1,100,,3459,1,4,,1,100,,3458,1,4,,1,100,,3457,1,4,,1,200,,3456,1,4,,1
901030001,'23964',620,,3471,1,4,,1,100,,3472,1,4,,1,100,,3473,1,4,,1,100,,3474,1,4,,1,100,,3475,1,4,,1,100,,3476,1,4,,1,100,,3487,1,4,,1,100,,3477,1,4,,1,100,,3478,1,4,,1,100,,3479,1,4,,1,100,,3480,1,4,,1,100,,3481,1,4,,1,100,,3482,1,4,,1,100,,3483,1,4,,1,100,,3484,1,4,,1,100,,3485,1,4,,1,200,,3486,1,4,,1
901030001,'23965',620,,3488,1,4,,1,100,,3489,1,4,,1,100,,3490,1,4,,1,100,,3491,1,4,,1,100,,3492,1,4,,1,100,,3493,1,4,,1,100,,3504,1,4,,1,100,,3494,1,4,,1,100,,3495,1,4,,1,100,,3496,1,4,,1,100,,3497,1,4,,1,100,,3498,1,4,,1,100,,3499,1,4,,1,100,,3500,1,4,,1,100,,3501,1,4,,1,100,,3502,1,4,,1,200,,3503,1,4,,1
901030001,'23966',620,,3505,1,4,,1,100,,3506,1,4,,1,100,,3507,1,4,,1,100,,3508,1,4,,1,100,,3509,1,4,,1,100,,3510,1,4,,1,100,,3521,1,4,,1,100,,3511,1,4,,1,100,,3512,1,4,,1,100,,3513,1,4,,1,100,,3514,1,4,,1,100,,3515,1,4,,1,100,,3516,1,4,,1,100,,3517,1,4,,1,100,,3518,1,4,,1,100,,3519,1,4,,1,200,,3520,1,4,,1
901030001,'23967',620,,3522,1,4,,1,100,,3523,1,4,,1,100,,3524,1,4,,1,100,,3525,1,4,,1,100,,3526,1,4,,1,100,,3527,1,4,,1,100,,3538,1,4,,1,100,,3528,1,4,,1,100,,3529,1,4,,1,100,,3530,1,4,,1,100,,3531,1,4,,1,100,,3532,1,4,,1,100,,3533,1,4,,1,100,,3534,1,4,,1,100,,3535,1,4,,1,100,,3536,1,4,,1,200,,3537,1,4,,1
901030001,'23968',620,,3539,1,4,,1,100,,3540,1,4,,1,100,,3541,1,4,,1,100,,3542,1,4,,1,100,,3543,1,4,,1,100,,3544,1,4,,1,100,,3555,1,4,,1,100,,3545,1,4,,1,100,,3546,1,4,,1,100,,3547,1,4,,1,100,,3548,1,4,,1,100,,3549,1,4,,1,100,,3550,1,4,,1,100,,3551,1,4,,1,100,,3552,1,4,,1,100,,3553,1,4,,1,200,,3554,1,4,,1
901030001,'23969',720,,3571,1,4,,1,100,,3570,1,4,,1,100,,3569,1,4,,1,100,,3568,1,4,,1,100,,3567,1,4,,1,100,,3556,1,4,,1,100,,3566,1,4,,1,100,,3565,1,4,,1,100,,3564,1,4,,1,100,,3563,1,4,,1,100,,3562,1,4,,1,100,,3561,1,4,,1,100,,3560,1,4,,1,100,,3559,1,4,,1,100,,3558,1,4,,1,200,,3557,1,4,,1
901030001,'23977',720,,3572,1,4,,1,100,,3573,1,4,,1,100,,3574,1,4,,1,200,,3575,1,4,,1,200,,3576,1,4,,1,200,,3577,1,4,,1,100,,3578,1,4,,1,100,,3579,1,4,,1,100,,3580,1,4,,1,200,,3581,1,4,,1,200,,3582,1,4,,1
901030001,'23978',620,,3583,1,4,,1,100,,3584,1,4,,1,100,,3585,1,4,,1,100,,3586,1,4,,1,200,,3587,1,4,,1,200,,3588,1,4,,1,200,,3589,1,4,,1,100,,3590,1,4,,1,100,,3591,1,4,,1,100,,3592,1,4,,1,200,,3593,1,4,,1,200,,3594,1,4,,1
901030001,'23979',620,,3595,1,4,,1,100,,3596,1,4,,1,100,,3597,1,4,,1,100,,3598,1,4,,1,200,,3599,1,4,,1,200,,3600,1,4,,1,200,,3601,1,4,,1,100,,3602,1,4,,1,100,,3603,1,4,,1,100,,3604,1,4,,1,200,,3605,1,4,,1,200,,3606,1,4,,1
901030001,'23980',620,,3607,1,4,,1,100,,3608,1,4,,1,100,,3609,1,4,,1,100,,3610,1,4,,1,200,,3611,1,4,,1,200,,3612,1,4,,1,200,,3613,1,4,,1,100,,3614,1,4,,1,100,,3615,1,4,,1,100,,3616,1,4,,1,200,,3617,1,4,,1,200,,3618,1,4,,1
901030001,'23981',620,,3619,1,4,,1,100,,3620,1,4,,1,100,,3621,1,4,,1,100,,3622,1,4,,1,200,,3623,1,4,,1,200,,3624,1,4,,1,200,,3625,1,4,,1,100,,3626,1,4,,1,100,,3627,1,4,,1,100,,3628,1,4,,1,200,,3629,1,4,,1,200,,3630,1,4,,1
901030001,'23982',620,,3631,1,4,,1,100,,3632,1,4,,1,100,,3633,1,4,,1,100,,3634,1,4,,1,200,,3635,1,4,,1,200,,3636,1,4,,1,200,,3637,1,4,,1,100,,3638,1,4,,1,100,,3639,1,4,,1,100,,3640,1,4,,1,200,,3641,1,4,,1,200,,3642,1,4,,1
901030001,'23983',720,,3643,1,4,,1,100,,3644,1,4,,1,100,,3645,1,4,,1,200,,3646,1,4,,1,200,,3647,1,4,,1,200,,3648,1,4,,1,100,,3649,1,4,,1,100,,3650,1,4,,1,100,,3651,1,4,,1,200,,3652,1,4,,1,200,,3653,1,4,,1
901030001,'24005',720,,3669,1,4,,1,100,,3668,1,4,,1,100,,3667,1,4,,1,100,,3666,1,4,,1,100,,3665,1,4,,1,100,,3654,1,4,,1,100,,3664,1,4,,1,100,,3663,1,4,,1,100,,3662,1,4,,1,100,,3661,1,4,,1,100,,3660,1,4,,1,100,,3659,1,4,,1,100,,3658,1,4,,1,100,,3657,1,4,,1,100,,3656,1,4,,1,200,,3655,1,4,,1
901030001,'24006',620,,3686,1,4,,1,100,,3685,1,4,,1,100,,3684,1,4,,1,100,,3683,1,4,,1,100,,3682,1,4,,1,100,,3681,1,4,,1,100,,3670,1,4,,1,100,,3680,1,4,,1,100,,3679,1,4,,1,100,,3678,1,4,,1,100,,3677,1,4,,1,100,,3676,1,4,,1,100,,3675,1,4,,1,100,,3674,1,4,,1,100,,3673,1,4,,1,100,,3672,1,4,,1,200,,3671,1,4,,1
901030001,'24007',620,,3703,1,4,,1,100,,3702,1,4,,1,100,,3701,1,4,,1,100,,3700,1,4,,1,100,,3699,1,4,,1,100,,3698,1,4,,1,100,,3687,1,4,,1,100,,3697,1,4,,1,100,,3696,1,4,,1,100,,3695,1,4,,1,100,,3694,1,4,,1,100,,3693,1,4,,1,100,,3692,1,4,,1,100,,3691,1,4,,1,100,,3690,1,4,,1,100,,3689,1,4,,1,200,,3688,1,4,,1
901030001,'24008',620,,3720,1,4,,1,100,,3719,1,4,,1,100,,3718,1,4,,1,100,,3717,1,4,,1,100,,3716,1,4,,1,100,,3715,1,4,,1,100,,3704,1,4,,1,100,,3714,1,4,,1,100,,3713,1,4,,1,100,,3712,1,4,,1,100,,3711,1,4,,1,100,,3710,1,4,,1,100,,3709,1,4,,1,100,,3708,1,4,,1,100,,3707,1,4,,1,100,,3706,1,4,,1,200,,3705,1,4,,1
901030001,'24009',620,,3737,1,4,,1,100,,3736,1,4,,1,100,,3735,1,4,,1,100,,3734,1,4,,1,100,,3733,1,4,,1,100,,3732,1,4,,1,100,,3721,1,4,,1,100,,3731,1,4,,1,100,,3730,1,4,,1,100,,3729,1,4,,1,100,,3728,1,4,,1,100,,3727,1,4,,1,100,,3726,1,4,,1,100,,3725,1,4,,1,100,,3724,1,4,,1,100,,3723,1,4,,1,200,,3722,1,4,,1
901030001,'24010',620,,3754,1,4,,1,100,,3753,1,4,,1,100,,3752,1,4,,1,100,,3751,1,4,,1,100,,3750,1,4,,1,100,,3749,1,4,,1,100,,3738,1,4,,1,100,,3748,1,4,,1,100,,3747,1,4,,1,100,,3746,1,4,,1,100,,3745,1,4,,1,100,,3744,1,4,,1,100,,3743,1,4,,1,100,,3742,1,4,,1,100,,3741,1,4,,1,100,,3740,1,4,,1,200,,3739,1,4,,1
901030001,'24011',720,,3770,1,4,,1,100,,3769,1,4,,1,100,,3768,1,4,,1,100,,3767,1,4,,1,100,,3766,1,4,,1,100,,3755,1,4,,1,100,,3765,1,4,,1,100,,3764,1,4,,1,100,,3763,1,4,,1,100,,3762,1,4,,1,100,,3761,1,4,,1,100,,3760,1,4,,1,100,,3759,1,4,,1,100,,3758,1,4,,1,100,,3757,1,4,,1,200,,3756,1,4,,1
901030001,'24469',720,,11794,1,4,,1,100,,11795,1,4,,1,100,,11796,1,4,,1,30,,11797,1,4,,1,70,,11798,1,4,,1,30,,11799,1,4,,1,70,,11800,1,4,,1,30,,11801,1,4,,1,70,,11802,1,4,,1,30,,11803,1,4,,1,70,,11804,1,4,,1,30,,11805,1,4,,1,70,,11806,1,4,,1,30,,11807,1,4,,1,70,,11808,1,4,,1,30,,11809,1,4,,1,70,,11810,1,4,,1,30,,11811,1,4,,1,70,,11812,1,4,,1,30,,11813,1,4,,1,70,,11814,1,4,,1,100,,11815,1,4,,1,100,,11816,1,4,,1,100,,11817,1,4,,1,100,,11818,1,4,,1,100,,11819,1,4,,1
901030001,'24470',620,,11846,1,4,,1,100,,11845,1,4,,1,100,,11844,1,4,,1,100,,11843,1,4,,1,30,,11820,1,4,,1,70,,11842,1,4,,1,30,,11841,1,4,,1,70,,11840,1,4,,1,30,,11839,1,4,,1,70,,11838,1,4,,1,30,,11837,1,4,,1,70,,11836,1,4,,1,30,,11835,1,4,,1,70,,11834,1,4,,1,30,,11833,1,4,,1,70,,11832,1,4,,1,30,,11831,1,4,,1,70,,11830,1,4,,1,30,,11829,1,4,,1,70,,11828,1,4,,1,30,,11827,1,4,,1,70,,11826,1,4,,1,100,,11825,1,4,,1,100,,11824,1,4,,1,100,,11823,1,4,,1,100,,11822,1,4,,1,100,,11821,1,4,,1
901030001,'24471',620,,11847,1,4,,1,100,,11848,1,4,,1,100,,11849,1,4,,1,100,,11850,1,4,,1,30,,11873,1,4,,1,70,,11851,1,4,,1,30,,11852,1,4,,1,70,,11853,1,4,,1,30,,11854,1,4,,1,70,,11855,1,4,,1,30,,11856,1,4,,1,70,,11857,1,4,,1,30,,11858,1,4,,1,70,,11859,1,4,,1,30,,11860,1,4,,1,70,,11861,1,4,,1,30,,11862,1,4,,1,70,,11863,1,4,,1,30,,11864,1,4,,1,70,,11865,1,4,,1,30,,11866,1,4,,1,70,,11867,1,4,,1,100,,11868,1,4,,1,100,,11869,1,4,,1,100,,11870,1,4,,1,100,,11871,1,4,,1,100,,11872,1,4,,1
901030001,'24472',620,,11874,1,4,,1,100,,11875,1,4,,1,100,,11876,1,4,,1,100,,11877,1,4,,1,30,,11900,1,4,,1,70,,11878,1,4,,1,30,,11879,1,4,,1,70,,11880,1,4,,1,30,,11881,1,4,,1,70,,11882,1,4,,1,30,,11883,1,4,,1,70,,11884,1,4,,1,30,,11885,1,4,,1,70,,11886,1,4,,1,30,,11887,1,4,,1,70,,11888,1,4,,1,30,,11889,1,4,,1,70,,11890,1,4,,1,30,,11891,1,4,,1,70,,11892,1,4,,1,30,,11893,1,4,,1,70,,11894,1,4,,1,100,,11895,1,4,,1,100,,11896,1,4,,1,100,,11897,1,4,,1,100,,11898,1,4,,1,100,,11899,1,4,,1
901030001,'24473',620,,11927,1,4,,1,100,,11926,1,4,,1,100,,11925,1,4,,1,100,,11924,1,4,,1,30,,11901,1,4,,1,70,,11923,1,4,,1,30,,11922,1,4,,1,70,,11921,1,4,,1,30,,11920,1,4,,1,70,,11919,1,4,,1,30,,11918,1,4,,1,70,,11917,1,4,,1,30,,11916,1,4,,1,70,,11915,1,4,,1,30,,11914,1,4,,1,70,,11913,1,4,,1,30,,11912,1,4,,1,70,,11911,1,4,,1,30,,11910,1,4,,1,70,,11909,1,4,,1,30,,11908,1,4,,1,70,,11907,1,4,,1,100,,11906,1,4,,1,100,,11905,1,4,,1,100,,11904,1,4,,1,100,,11903,1,4,,1,100,,11902,1,4,,1
901030001,'24474',620,,11954,1,4,,1,100,,11953,1,4,,1,100,,11952,1,4,,1,100,,11951,1,4,,1,30,,11928,1,4,,1,70,,11950,1,4,,1,30,,11949,1,4,,1,70,,11948,1,4,,1,30,,11947,1,4,,1,70,,11946,1,4,,1,30,,11945,1,4,,1,70,,11944,1,4,,1,30,,11943,1,4,,1,70,,11942,1,4,,1,30,,11941,1,4,,1,70,,11940,1,4,,1,30,,11939,1,4,,1,70,,11938,1,4,,1,30,,11937,1,4,,1,70,,11936,1,4,,1,30,,11935,1,4,,1,70,,11934,1,4,,1,100,,11933,1,4,,1,100,,11932,1,4,,1,100,,11931,1,4,,1,100,,11930,1,4,,1,100,,11929,1,4,,1
901030001,'24475',720,,11955,1,4,,1,100,,11956,1,4,,1,100,,11957,1,4,,1,30,,11958,1,4,,1,70,,11959,1,4,,1,30,,11960,1,4,,1,70,,11961,1,4,,1,30,,11962,1,4,,1,70,,11963,1,4,,1,30,,11964,1,4,,1,70,,11965,1,4,,1,30,,11966,1,4,,1,70,,11967,1,4,,1,30,,11968,1,4,,1,70,,11969,1,4,,1,30,,11970,1,4,,1,70,,11971,1,4,,1,30,,11972,1,4,,1,70,,11973,1,4,,1,30,,11974,1,4,,1,70,,11975,1,4,,1,100,,11976,1,4,,1,100,,11977,1,4,,1,100,,11978,1,4,,1,100,,11979,1,4,,1,100,,11980,1,4,,1
