1819010000,'24054',823,,4971,1,4,,2,130,,4972,1,4,,2,385,,4973,1,4,,2,170,,4974,1,4,,2
1819010000,'24055',623,,4975,1,4,,2,100,,4976,1,4,,2,30,,4977,1,4,,2,100,,4978,1,4,,2,355,,4979,1,4,,2,130,,4980,1,4,,2,100,,4981,1,4,,2,115,,4982,1,4,,2,100,,4983,1,4,,2,85,,4984,1,4,,2
1819010000,'24056',623,,4985,1,4,,2,100,,4986,1,4,,2,30,,4987,1,4,,2,100,,4988,1,4,,2,355,,4989,1,4,,2,130,,4990,1,4,,2,100,,4991,1,4,,2,115,,4992,1,4,,2,100,,4993,1,4,,2,85,,4994,1,4,,2
1819010000,'24057',623,,4995,1,4,,2,100,,4996,1,4,,2,30,,4997,1,4,,2,100,,4998,1,4,,2,355,,4999,1,4,,2,130,,5000,1,4,,2,100,,5001,1,4,,2,115,,5002,1,4,,2,100,,5003,1,4,,2,85,,5004,1,4,,2
1819010000,'24058',623,,5005,1,4,,2,100,,5006,1,4,,2,30,,5007,1,4,,2,100,,5008,1,4,,2,355,,5009,1,4,,2,130,,5010,1,4,,2,100,,5011,1,4,,2,115,,5012,1,4,,2,100,,5013,1,4,,2,155,,5014,1,4,,2,100,,5015,1,4,,2
1819010000,'24059',623,,5016,1,4,,2,100,,5017,1,4,,2,30,,5018,1,4,,2,100,,5019,1,4,,2,355,,5020,1,4,,2,130,,5021,1,4,,2,100,,5022,1,4,,2,115,,5023,1,4,,2,100,,5024,1,4,,2,100,,5025,1,4,,2,155,,5026,1,4,,2
1819010000,'24060',1408,,5027,1,4,,2,100,,5028,1,4,,2,100,,5029,1,4,,2,100,,5030,1,4,,2,100,,5031,1,4,,2,100,,5032,1,4,,2
1819010000,'24068',923,,5033,1,4,,2,130,,5034,1,4,,2,385,,5035,1,4,,2,170,,5036,1,4,,2
1819010000,'24069',638,,5037,1,4,,2,70,,5038,1,4,,2,45,,5039,1,4,,2,85,,5040,1,4,,2,115,,5041,1,4,,2,355,,5042,1,4,,2,130,,5043,1,4,,2,115,,5044,1,4,,2,100,,5045,1,4,,2,155,,5046,1,4,,2
1819010000,'24070',638,,5047,1,4,,2,70,,5048,1,4,,2,45,,5049,1,4,,2,85,,5050,1,4,,2,115,,5051,1,4,,2,355,,5052,1,4,,2,130,,5053,1,4,,2,115,,5054,1,4,,2,100,,5055,1,4,,2,155,,5056,1,4,,2
1819010000,'24071',638,,5057,1,4,,2,70,,5058,1,4,,2,45,,5059,1,4,,2,85,,5060,1,4,,2,115,,5061,1,4,,2,355,,5062,1,4,,2,130,,5063,1,4,,2,115,,5064,1,4,,2,100,,5065,1,4,,2,155,,5066,1,4,,2
1819010000,'24072',638,,5067,1,4,,2,70,,5068,1,4,,2,45,,5069,1,4,,2,85,,5070,1,4,,2,115,,5071,1,4,,2,355,,5072,1,4,,2,130,,5073,1,4,,2,115,,5074,1,4,,2,100,,5075,1,4,,2,155,,5076,1,4,,2,115,,5077,1,4,,2
1819010000,'24073',638,,5078,1,4,,2,70,,5079,1,4,,2,45,,5080,1,4,,2,85,,5081,1,4,,2,115,,5082,1,4,,2,355,,5083,1,4,,2,130,,5084,1,4,,2,115,,5085,1,4,,2,100,,5086,1,4,,2,155,,5087,1,4,,2,45,,5088,1,4,,2,70,,5089,1,4,,2
1819010000,'24074',1308,,5090,1,4,,2,100,,5091,1,4,,2,100,,5092,1,4,,2,100,,5093,1,4,,2,100,,5094,1,4,,2,100,,5095,1,4,,2
1819010001,'24047',830,,5096,0,,,2,170,,5097,0,,,2,345,,5098,0,,,2,170,,5099,0,,,2
1819010001,'24048',630,,5100,0,,,2,100,,5101,0,,,2,70,,5102,0,,,2,100,,5103,0,,,2,315,,5104,0,,,2,130,,5105,0,,,2,100,,5106,0,,,2,155,,5107,0,,,2,100,,5108,0,,,2,45,,5109,0,,,2
1819010001,'24049',630,,5110,0,,,2,100,,5111,0,,,2,70,,5112,0,,,2,100,,5113,0,,,2,315,,5114,0,,,2,130,,5115,0,,,2,100,,5116,0,,,2,155,,5117,0,,,2,100,,5118,0,,,2,45,,5119,0,,,2
1819010001,'24050',630,,5120,0,,,2,100,,5121,0,,,2,70,,5122,0,,,2,100,,5123,0,,,2,315,,5124,0,,,2,130,,5125,0,,,2,100,,5126,0,,,2,155,,5127,0,,,2,100,,5128,0,,,2,45,,5129,0,,,2
1819010001,'24051',630,,5130,0,,,2,100,,5131,0,,,2,70,,5132,0,,,2,100,,5133,0,,,2,315,,5134,0,,,2,130,,5135,0,,,2,100,,5136,0,,,2,155,,5137,0,,,2,100,,5138,0,,,2,115,,5139,0,,,2,100,,5140,0,,,2
1819010001,'24052',630,,5141,0,,,2,100,,5142,0,,,2,70,,5143,0,,,2,100,,5144,0,,,2,315,,5145,0,,,2,130,,5146,0,,,2,100,,5147,0,,,2,155,,5148,0,,,2,100,,5149,0,,,2,100,,5150,0,,,2,115,,5151,0,,,2
1819010001,'24053',1415,,5152,0,,,2,100,,5153,0,,,2,100,,5154,0,,,2,100,,5155,0,,,2,100,,5156,0,,,2,100,,5157,0,,,2
1819010001,'24061',930,,5158,0,,,2,170,,5159,0,,,2,345,,5160,0,,,2,170,,5161,0,,,2
1819010001,'24062',645,,5162,0,,,2,70,,5163,0,,,2,85,,5164,0,,,2,45,,5165,0,,,2,155,,5166,0,,,2,315,,5167,0,,,2,130,,5168,0,,,2,155,,5169,0,,,2,100,,5170,0,,,2,115,,5171,0,,,2
1819010001,'24063',645,,5172,0,,,2,70,,5173,0,,,2,85,,5174,0,,,2,45,,5175,0,,,2,155,,5176,0,,,2,315,,5177,0,,,2,130,,5178,0,,,2,155,,5179,0,,,2,100,,5180,0,,,2,115,,5181,0,,,2
1819010001,'24064',645,,5182,0,,,2,70,,5183,0,,,2,85,,5184,0,,,2,45,,5185,0,,,2,155,,5186,0,,,2,315,,5187,0,,,2,130,,5188,0,,,2,155,,5189,0,,,2,100,,5190,0,,,2,115,,5191,0,,,2
1819010001,'24065',645,,5192,0,,,2,70,,5193,0,,,2,85,,5194,0,,,2,45,,5195,0,,,2,155,,5196,0,,,2,315,,5197,0,,,2,130,,5198,0,,,2,155,,5199,0,,,2,100,,5200,0,,,2,115,,5201,0,,,2,115,,5202,0,,,2
1819010001,'24066',645,,5203,0,,,2,70,,5204,0,,,2,85,,5205,0,,,2,45,,5206,0,,,2,155,,5207,0,,,2,315,,5208,0,,,2,130,,5209,0,,,2,155,,5210,0,,,2,100,,5211,0,,,2,115,,5212,0,,,2,85,,5213,0,,,2,30,,5214,0,,,2
1819010001,'24067',1315,,5215,0,,,2,100,,5216,0,,,2,100,,5217,0,,,2,100,,5218,0,,,2,100,,5219,0,,,2,100,,5220,0,,,2
