132370000,'24148',1730,,804,0,,,1
132370000,'24149',1730,,805,0,,,1
132370000,'24150',1730,,806,0,,,1
132370000,'24151',1100,,807,0,,,1
132370000,'24152',1730,,808,0,,,1
132370000,'24153',1730,,809,0,,,1
132370000,'24154',1730,,810,0,,,1
132370000,'24206',1700,,815,0,,,1
132370000,'24207',1700,,816,0,,,1
132370000,'24208',1700,,817,0,,,1
132370000,'24209',1100,,818,0,,,1
132370000,'24210',1700,,819,0,,,1
132370000,'24211',1700,,820,0,,,1
132370000,'24234',1700,,824,0,,,1
132370000,'24235',1700,,825,0,,,1
132370000,'24236',1700,,826,0,,,1
132370000,'24238',1700,,827,0,,,1
132370000,'24239',1700,,828,0,,,1
132370000,'24436',1100,,829,0,,,1,630,,830,0,,,1
132370001,'24141',1645,,846,1,4,,1
132370001,'24142',1645,,847,1,4,,1
132370001,'24143',1645,,848,1,4,,1
132370001,'24144',1030,,849,1,4,,1
132370001,'24145',1645,,850,1,4,,1
132370001,'24146',1645,,851,1,4,,1
132370001,'24147',1645,,852,1,4,,1
132370001,'24199',1630,,857,1,4,,1
132370001,'24200',1630,,858,1,4,,1
132370001,'24201',1030,,859,1,4,,1
132370001,'24202',1030,,860,1,4,,1
132370001,'24203',1030,,861,1,4,,1
132370001,'24204',1630,,862,1,4,,1
132370001,'24227',1630,,866,1,4,,1
132370001,'24228',1030,,867,1,4,,1
132370001,'24229',1030,,868,1,4,,1
132370001,'24231',1030,,869,1,4,,1
132370001,'24232',1630,,870,1,4,,1
132370001,'24434',1030,,871,1,4,,1,615,,872,1,4,,1
