808030000,'24026',630,,2753,0,,,2,385,,2754,0,,,2,515,,2755,0,,,2,300,,2756,0,,,2
808030000,'24027',630,,2757,0,,,2,300,,2758,0,,,2,385,,2759,0,,,2,215,,2760,0,,,2,100,,2761,0,,,2,200,,2762,0,,,2
808030000,'24028',630,,2763,0,,,2,300,,2764,0,,,2,385,,2765,0,,,2,215,,2766,0,,,2,100,,2767,0,,,2,200,,2768,0,,,2
808030000,'24029',630,,2769,0,,,2,300,,2770,0,,,2,385,,2771,0,,,2,215,,2772,0,,,2,100,,2773,0,,,2,200,,2774,0,,,2
808030000,'24030',630,,2775,0,,,2,100,,2776,0,,,2,200,,2777,0,,,2,385,,2778,0,,,2,215,,2779,0,,,2,100,,2780,0,,,2,200,,2781,0,,,2
808030000,'24031',630,,2782,0,,,2,300,,2783,0,,,2,385,,2784,0,,,2,215,,2785,0,,,2,100,,2786,0,,,2,200,,2787,0,,,2
808030000,'24032',400,,2792,0,,,2,230,,2791,0,,,2,170,,2790,0,,,2,500,,2788,0,,,2,530,,2789,0,,,2
808030000,'24040',1115,,2793,0,,,2,515,,2794,0,,,2,200,,2795,0,,,2
808030000,'24041',715,,2796,0,,,2,315,,2797,0,,,2,385,,2798,0,,,2,215,,2799,0,,,2
808030000,'24042',715,,2800,0,,,2,315,,2801,0,,,2,385,,2802,0,,,2,215,,2803,0,,,2
808030000,'24043',715,,2804,0,,,2,315,,2805,0,,,2,385,,2806,0,,,2,215,,2807,0,,,2
808030000,'24044',715,,2808,0,,,2,130,,2809,0,,,2,185,,2810,0,,,2,385,,2811,0,,,2,215,,2812,0,,,2
808030000,'24045',715,,2813,0,,,2,315,,2814,0,,,2,385,,2815,0,,,2,215,,2816,0,,,2
808030000,'24046',500,,2817,0,,,2,400,,2818,0,,,2,400,,2819,0,,,2,300,,2820,0,,,2
808030001,'24019',635,,2824,1,4,,2,200,,2823,1,4,,2,570,,2822,1,4,,2,330,,2821,1,4,,2
808030001,'24020',635,,2825,1,4,,2,100,,2826,1,4,,2,400,,2827,1,4,,2,300,,2828,1,4,,2,200,,2829,1,4,,2,100,,2830,1,4,,2
808030001,'24021',635,,2831,1,4,,2,100,,2832,1,4,,2,400,,2833,1,4,,2,300,,2834,1,4,,2,200,,2835,1,4,,2,100,,2836,1,4,,2
808030001,'24022',635,,2837,1,4,,2,100,,2838,1,4,,2,400,,2839,1,4,,2,300,,2840,1,4,,2,200,,2841,1,4,,2,100,,2842,1,4,,2
808030001,'24023',635,,2843,1,4,,2,100,,2844,1,4,,2,100,,2845,1,4,,2,300,,2846,1,4,,2,300,,2847,1,4,,2,200,,2848,1,4,,2,100,,2849,1,4,,2
808030001,'24024',635,,2850,1,4,,2,100,,2851,1,4,,2,400,,2852,1,4,,2,300,,2853,1,4,,2,200,,2854,1,4,,2,100,,2855,1,4,,2
808030001,'24025',535,,2860,1,4,,2,100,,2859,1,4,,2,100,,2858,1,4,,2,400,,2856,1,4,,2,600,,2857,1,4,,2
808030001,'24033',935,,2861,1,4,,2,500,,2862,1,4,,2,300,,2863,1,4,,2
808030001,'24034',705,,2864,1,4,,2,130,,2865,1,4,,2,400,,2866,1,4,,2,300,,2867,1,4,,2
808030001,'24035',705,,2868,1,4,,2,130,,2869,1,4,,2,400,,2870,1,4,,2,300,,2871,1,4,,2
808030001,'24036',705,,2872,1,4,,2,130,,2873,1,4,,2,400,,2874,1,4,,2,300,,2875,1,4,,2
808030001,'24037',705,,2876,1,4,,2,130,,2877,1,4,,2,170,,2878,1,4,,2,230,,2879,1,4,,2,300,,2880,1,4,,2
808030001,'24038',705,,2881,1,4,,2,130,,2882,1,4,,2,400,,2883,1,4,,2,300,,2884,1,4,,2
808030001,'24039',635,,2885,1,4,,2,200,,2886,1,4,,2,300,,2887,1,4,,2,400,,2888,1,4,,2
