132370000,'24134',1330,,797,1,4,,1
132370000,'24135',1330,,798,1,4,,1
132370000,'24136',1330,,799,1,4,,1
132370000,'24137',2000,,800,1,4,,1
132370000,'24138',1330,,801,1,4,,1
132370000,'24139',1330,,802,1,4,,1
132370000,'24140',1330,,803,1,4,,1
132370000,'24148',2000,,804,1,4,,1
132370000,'24149',2000,,805,1,4,,1
132370000,'24150',2000,,806,1,4,,1
132370000,'24151',1330,,807,1,4,,1
132370000,'24152',2000,,808,1,4,,1
132370000,'24153',2000,,809,1,4,,1
132370000,'24154',2000,,810,1,4,,1
132370000,'24193',1330,,811,1,4,,1
132370000,'24195',1930,,812,1,4,,1
132370000,'24197',1330,,813,1,4,,1
132370000,'24198',1330,,814,1,4,,1
132370000,'24206',1930,,815,1,4,,1
132370000,'24207',1930,,816,1,4,,1
132370000,'24208',1930,,817,1,4,,1
132370000,'24209',1330,,818,1,4,,1
132370000,'24210',1930,,819,1,4,,1
132370000,'24211',1930,,820,1,4,,1
132370000,'24223',1930,,821,1,4,,1
132370000,'24225',1330,,822,1,4,,1
132370000,'24226',1330,,823,1,4,,1
132370000,'24234',1930,,824,1,4,,1
132370000,'24235',1930,,825,1,4,,1
132370000,'24236',1930,,826,1,4,,1
132370000,'24238',1930,,827,1,4,,1
132370000,'24239',1930,,828,1,4,,1
132370000,'24436',1330,,829,1,4,,1,670,,830,1,4,,1
132370000,'24438',1330,,832,1,4,,1,670,,831,1,4,,1
132370000,'24442',1330,,833,1,4,,1,670,,834,1,4,,1
132370000,'24446',1330,,836,1,4,,1,670,,835,1,4,,1
132370000,'24512',1330,,838,1,4,,1,670,,837,1,4,,1
132370001,'24127',800,,839,0,0,5,1
132370001,'24128',800,,840,0,0,5,1
132370001,'24129',800,,841,0,0,5,1
132370001,'24130',1415,,842,0,0,5,1
132370001,'24131',800,,843,0,0,5,1
132370001,'24132',800,,844,0,0,5,1
132370001,'24133',800,,845,0,0,5,1
132370001,'24141',1415,,846,0,0,6,1
132370001,'24142',1415,,847,0,0,6,1
132370001,'24143',1415,,848,0,0,6,1
132370001,'24144',800,,849,0,0,6,1
132370001,'24145',1415,,850,0,0,6,1
132370001,'24146',1415,,851,0,0,6,1
132370001,'24147',1415,,852,0,0,6,1
132370001,'24186',800,,853,0,0,5,1
132370001,'24188',1400,,854,0,0,5,1
132370001,'24190',800,,855,0,0,5,1
132370001,'24191',800,,856,0,0,5,1
132370001,'24199',1400,,857,0,0,6,1
132370001,'24200',1400,,858,0,0,6,1
132370001,'24201',800,,859,0,0,6,1
132370001,'24202',800,,860,0,0,6,1
132370001,'24203',800,,861,0,0,6,1
132370001,'24204',1400,,862,0,0,6,1
132370001,'24216',800,,863,0,0,5,1
132370001,'24218',800,,864,0,0,5,1
132370001,'24219',800,,865,0,0,5,1
132370001,'24227',1400,,866,0,0,6,1
132370001,'24228',800,,867,0,0,6,1
132370001,'24229',800,,868,0,0,6,1
132370001,'24231',800,,869,0,0,6,1
132370001,'24232',1400,,870,0,0,6,1
132370001,'24434',800,,871,0,0,6,1,615,,872,0,0,6,1
132370001,'24437',800,,874,0,0,5,1,615,,873,0,0,5,1
132370001,'24441',800,,875,0,0,5,1,615,,876,0,0,5,1
132370001,'24445',800,,878,0,0,5,1,615,,877,0,0,5,1
132370001,'24510',800,,880,0,0,5,1,615,,879,0,0,5,1
