90500000,33,1,0,0
90500000,32,2,1,1
90500001,32,1,0,0
90500001,33,2,1,1
92200000,35,1,0,0
92200000,34,2,1,1
92200001,34,1,0,0
92200001,35,2,1,1
132370000,18,1,0,0
132370000,17,2,0,0
132370000,16,3,1,1
132370001,16,1,0,0
132370001,17,2,1,1
132370001,18,3,1,1
171200000,15,1,0,0
171200000,14,2,1,1
171200001,14,1,0,0
171200001,15,2,1,1
808030000,28,1,0,0
808030000,27,2,1,1
808030001,27,1,0,0
808030001,28,2,1,1
901030000,22,1,0,0
901030000,21,2,1,1
901030001,21,1,0,0
901030001,22,2,1,1
901070000,30,1,0,0
901070000,29,2,1,1
901070001,29,1,0,0
901070001,30,2,1,1
1819010000,31,1,0,0
1819010000,26,2,1,1
1819010001,26,1,0,0
1819010001,31,2,1,1
1920091200,13,1,0,0
1920091200,12,2,1,1
1920091201,12,1,0,0
1920091201,13,2,1,1
2021930000,20,1,0,0
2021930000,19,2,1,1
2021930001,19,1,0,0
2021930001,20,2,1,1
