1920091200,'24343',0,,5221,0,,,1,100,,5222,0,,,1,100,,5223,0,,,1,100,,5224,0,,,1,300,,5225,0,,,1,100,,5226,0,,,1,30,,5227,0,,,1,70,,5228,0,,,1,30,,5229,0,,,1,70,,5230,0,,,1,30,,5231,0,,,1,70,,5232,0,,,1,30,,5233,0,,,1,70,,5234,0,,,1,30,,5235,0,,,1,70,,5236,0,,,1,30,,5237,0,,,1,70,,5238,0,,,1,30,,5239,0,,,1,70,,5240,0,,,1,30,,5241,0,,,1,70,,5242,0,,,1,30,,5243,0,,,1,70,,5244,0,,,1,30,,5245,0,,,1,70,,5246,0,,,1,30,,5247,0,,,1,70,,5248,0,,,1,30,,5249,0,,,1,70,,5250,0,,,1,100,,5251,0,,,1,100,,5252,0,,,1,100,,5253,0,,,1,100,,5254,0,,,1
1920091200,'24344',0,,5255,0,,,1,100,,5256,0,,,1,100,,5257,0,,,1,100,,5258,0,,,1,200,,5259,0,,,1,100,,5260,0,,,1,30,,5261,0,,,1,70,,5262,0,,,1,30,,5263,0,,,1,70,,5264,0,,,1,30,,5265,0,,,1,70,,5266,0,,,1,30,,5267,0,,,1,70,,5268,0,,,1,30,,5269,0,,,1,70,,5270,0,,,1,30,,5271,0,,,1,70,,5272,0,,,1,30,,5273,0,,,1,70,,5274,0,,,1,30,,5275,0,,,1,70,,5276,0,,,1,30,,5277,0,,,1,70,,5278,0,,,1,30,,5279,0,,,1,70,,5280,0,,,1,30,,5281,0,,,1,70,,5282,0,,,1,30,,5283,0,,,1,70,,5284,0,,,1,100,,5285,0,,,1,100,,5286,0,,,1,100,,5287,0,,,1,100,,5288,0,,,1,100,,5289,0,,,1
1920091200,'24345',0,,5290,0,,,1,100,,5291,0,,,1,100,,5292,0,,,1,100,,5293,0,,,1,200,,5294,0,,,1,100,,5295,0,,,1,30,,5296,0,,,1,70,,5297,0,,,1,30,,5298,0,,,1,70,,5299,0,,,1,30,,5300,0,,,1,70,,5301,0,,,1,30,,5302,0,,,1,70,,5303,0,,,1,30,,5304,0,,,1,70,,5305,0,,,1,30,,5306,0,,,1,70,,5307,0,,,1,30,,5308,0,,,1,70,,5309,0,,,1,30,,5310,0,,,1,70,,5311,0,,,1,30,,5312,0,,,1,70,,5313,0,,,1,30,,5314,0,,,1,70,,5315,0,,,1,30,,5316,0,,,1,70,,5317,0,,,1,30,,5318,0,,,1,70,,5319,0,,,1,100,,5320,0,,,1,100,,5321,0,,,1,100,,5322,0,,,1,100,,5323,0,,,1,100,,5324,0,,,1
1920091200,'24346',0,,5325,0,,,1,100,,5326,0,,,1,100,,5327,0,,,1,100,,5328,0,,,1,200,,5329,0,,,1,100,,5330,0,,,1,30,,5331,0,,,1,70,,5332,0,,,1,30,,5333,0,,,1,70,,5334,0,,,1,30,,5335,0,,,1,70,,5336,0,,,1,30,,5337,0,,,1,70,,5338,0,,,1,30,,5339,0,,,1,70,,5340,0,,,1,30,,5341,0,,,1,70,,5342,0,,,1,30,,5343,0,,,1,70,,5344,0,,,1,30,,5345,0,,,1,70,,5346,0,,,1,30,,5347,0,,,1,70,,5348,0,,,1,30,,5349,0,,,1,70,,5350,0,,,1,30,,5351,0,,,1,70,,5352,0,,,1,30,,5353,0,,,1,70,,5354,0,,,1,100,,5355,0,,,1,100,,5356,0,,,1,100,,5357,0,,,1,100,,5358,0,,,1,100,,5359,0,,,1
1920091200,'24347',0,,5360,0,,,1,100,,5361,0,,,1,100,,5362,0,,,1,100,,5363,0,,,1,200,,5364,0,,,1,100,,5365,0,,,1,30,,5366,0,,,1,70,,5367,0,,,1,30,,5368,0,,,1,70,,5369,0,,,1,30,,5370,0,,,1,70,,5371,0,,,1,30,,5372,0,,,1,70,,5373,0,,,1,30,,5374,0,,,1,70,,5375,0,,,1,30,,5376,0,,,1,70,,5377,0,,,1,30,,5378,0,,,1,70,,5379,0,,,1,30,,5380,0,,,1,70,,5381,0,,,1,30,,5382,0,,,1,70,,5383,0,,,1,30,,5384,0,,,1,70,,5385,0,,,1,30,,5386,0,,,1,70,,5387,0,,,1,30,,5388,0,,,1,70,,5389,0,,,1,100,,5390,0,,,1,100,,5391,0,,,1,100,,5392,0,,,1,100,,5393,0,,,1,100,,5394,0,,,1
1920091200,'24348',0,,5395,0,,,1,100,,5396,0,,,1,100,,5397,0,,,1,100,,5398,0,,,1,200,,5399,0,,,1,100,,5400,0,,,1,30,,5401,0,,,1,70,,5402,0,,,1,30,,5403,0,,,1,70,,5404,0,,,1,30,,5405,0,,,1,70,,5406,0,,,1,30,,5407,0,,,1,70,,5408,0,,,1,30,,5409,0,,,1,70,,5410,0,,,1,30,,5411,0,,,1,70,,5412,0,,,1,30,,5413,0,,,1,70,,5414,0,,,1,30,,5415,0,,,1,70,,5416,0,,,1,30,,5417,0,,,1,70,,5418,0,,,1,30,,5419,0,,,1,70,,5420,0,,,1,30,,5421,0,,,1,70,,5422,0,,,1,30,,5423,0,,,1,70,,5424,0,,,1,100,,5425,0,,,1,100,,5426,0,,,1,100,,5427,0,,,1,100,,5428,0,,,1,100,,5429,0,,,1
1920091200,'24349',0,,5430,0,,,1,100,,5431,0,,,1,100,,5432,0,,,1,100,,5433,0,,,1,300,,5434,0,,,1,100,,5435,0,,,1,30,,5436,0,,,1,70,,5437,0,,,1,30,,5438,0,,,1,70,,5439,0,,,1,30,,5440,0,,,1,70,,5441,0,,,1,30,,5442,0,,,1,70,,5443,0,,,1,30,,5444,0,,,1,70,,5445,0,,,1,30,,5446,0,,,1,70,,5447,0,,,1,30,,5448,0,,,1,70,,5449,0,,,1,30,,5450,0,,,1,70,,5451,0,,,1,30,,5452,0,,,1,70,,5453,0,,,1,30,,5454,0,,,1,70,,5455,0,,,1,30,,5456,0,,,1,70,,5457,0,,,1,30,,5458,0,,,1,70,,5459,0,,,1,100,,5460,0,,,1,100,,5461,0,,,1,100,,5462,0,,,1,100,,5463,0,,,1
1920091201,'24336',42,,5464,1,4,,1,100,,5465,1,4,,1,100,,5466,1,4,,1,300,,5467,1,4,,1,100,,5468,1,4,,1,100,,5469,1,4,,1,70,,5470,1,4,,1,30,,5471,1,4,,1,70,,5472,1,4,,1,30,,5473,1,4,,1,70,,5474,1,4,,1,30,,5475,1,4,,1,70,,5476,1,4,,1,30,,5477,1,4,,1,70,,5478,1,4,,1,30,,5479,1,4,,1,70,,5480,1,4,,1,30,,5481,1,4,,1,70,,5482,1,4,,1,30,,5483,1,4,,1,70,,5484,1,4,,1,30,,5485,1,4,,1,70,,5486,1,4,,1,30,,5487,1,4,,1,70,,5488,1,4,,1,30,,5489,1,4,,1,70,,5490,1,4,,1,30,,5491,1,4,,1,100,,5492,1,4,,1,100,,5493,1,4,,1,100,,5494,1,4,,1,100,,5495,1,4,,1,100,,5496,1,4,,1
1920091201,'24337',42,,5497,1,4,,1,100,,5498,1,4,,1,100,,5499,1,4,,1,200,,5500,1,4,,1,100,,5501,1,4,,1,100,,5502,1,4,,1,70,,5503,1,4,,1,30,,5504,1,4,,1,70,,5505,1,4,,1,30,,5506,1,4,,1,70,,5507,1,4,,1,30,,5508,1,4,,1,70,,5509,1,4,,1,30,,5510,1,4,,1,70,,5511,1,4,,1,30,,5512,1,4,,1,70,,5513,1,4,,1,30,,5514,1,4,,1,70,,5515,1,4,,1,30,,5516,1,4,,1,70,,5517,1,4,,1,30,,5518,1,4,,1,70,,5519,1,4,,1,30,,5520,1,4,,1,70,,5521,1,4,,1,30,,5522,1,4,,1,70,,5523,1,4,,1,30,,5524,1,4,,1,100,,5525,1,4,,1,100,,5526,1,4,,1,100,,5527,1,4,,1,100,,5528,1,4,,1,100,,5529,1,4,,1,100,,5530,1,4,,1
1920091201,'24338',42,,5531,1,4,,1,100,,5532,1,4,,1,100,,5533,1,4,,1,200,,5534,1,4,,1,100,,5535,1,4,,1,100,,5536,1,4,,1,70,,5537,1,4,,1,30,,5538,1,4,,1,70,,5539,1,4,,1,30,,5540,1,4,,1,70,,5541,1,4,,1,30,,5542,1,4,,1,70,,5543,1,4,,1,30,,5544,1,4,,1,70,,5545,1,4,,1,30,,5546,1,4,,1,70,,5547,1,4,,1,30,,5548,1,4,,1,70,,5549,1,4,,1,30,,5550,1,4,,1,70,,5551,1,4,,1,30,,5552,1,4,,1,70,,5553,1,4,,1,30,,5554,1,4,,1,70,,5555,1,4,,1,30,,5556,1,4,,1,70,,5557,1,4,,1,30,,5558,1,4,,1,100,,5559,1,4,,1,100,,5560,1,4,,1,100,,5561,1,4,,1,100,,5562,1,4,,1,100,,5563,1,4,,1,100,,5564,1,4,,1
1920091201,'24339',42,,5565,1,4,,1,100,,5566,1,4,,1,100,,5567,1,4,,1,200,,5568,1,4,,1,100,,5569,1,4,,1,100,,5570,1,4,,1,70,,5571,1,4,,1,30,,5572,1,4,,1,70,,5573,1,4,,1,30,,5574,1,4,,1,70,,5575,1,4,,1,30,,5576,1,4,,1,70,,5577,1,4,,1,30,,5578,1,4,,1,70,,5579,1,4,,1,30,,5580,1,4,,1,70,,5581,1,4,,1,30,,5582,1,4,,1,70,,5583,1,4,,1,30,,5584,1,4,,1,70,,5585,1,4,,1,30,,5586,1,4,,1,70,,5587,1,4,,1,30,,5588,1,4,,1,70,,5589,1,4,,1,30,,5590,1,4,,1,70,,5591,1,4,,1,30,,5592,1,4,,1,100,,5593,1,4,,1,100,,5594,1,4,,1,100,,5595,1,4,,1,100,,5596,1,4,,1,100,,5597,1,4,,1,100,,5598,1,4,,1
1920091201,'24340',42,,5599,1,4,,1,100,,5600,1,4,,1,100,,5601,1,4,,1,200,,5602,1,4,,1,100,,5603,1,4,,1,100,,5604,1,4,,1,70,,5605,1,4,,1,30,,5606,1,4,,1,70,,5607,1,4,,1,30,,5608,1,4,,1,70,,5609,1,4,,1,30,,5610,1,4,,1,70,,5611,1,4,,1,30,,5612,1,4,,1,70,,5613,1,4,,1,30,,5614,1,4,,1,70,,5615,1,4,,1,30,,5616,1,4,,1,70,,5617,1,4,,1,30,,5618,1,4,,1,70,,5619,1,4,,1,30,,5620,1,4,,1,70,,5621,1,4,,1,30,,5622,1,4,,1,70,,5623,1,4,,1,30,,5624,1,4,,1,70,,5625,1,4,,1,30,,5626,1,4,,1,100,,5627,1,4,,1,100,,5628,1,4,,1,100,,5629,1,4,,1,100,,5630,1,4,,1,100,,5631,1,4,,1,100,,5632,1,4,,1
1920091201,'24341',42,,5633,1,4,,1,100,,5634,1,4,,1,100,,5635,1,4,,1,200,,5636,1,4,,1,100,,5637,1,4,,1,100,,5638,1,4,,1,70,,5639,1,4,,1,30,,5640,1,4,,1,70,,5641,1,4,,1,30,,5642,1,4,,1,70,,5643,1,4,,1,30,,5644,1,4,,1,70,,5645,1,4,,1,30,,5646,1,4,,1,70,,5647,1,4,,1,30,,5648,1,4,,1,70,,5649,1,4,,1,30,,5650,1,4,,1,70,,5651,1,4,,1,30,,5652,1,4,,1,70,,5653,1,4,,1,30,,5654,1,4,,1,70,,5655,1,4,,1,30,,5656,1,4,,1,70,,5657,1,4,,1,30,,5658,1,4,,1,70,,5659,1,4,,1,30,,5660,1,4,,1,100,,5661,1,4,,1,100,,5662,1,4,,1,100,,5663,1,4,,1,100,,5664,1,4,,1,100,,5665,1,4,,1,100,,5666,1,4,,1
1920091201,'24342',42,,5667,1,4,,1,100,,5668,1,4,,1,100,,5669,1,4,,1,300,,5670,1,4,,1,100,,5671,1,4,,1,100,,5672,1,4,,1,70,,5673,1,4,,1,30,,5674,1,4,,1,70,,5675,1,4,,1,30,,5676,1,4,,1,70,,5677,1,4,,1,30,,5678,1,4,,1,70,,5679,1,4,,1,30,,5680,1,4,,1,70,,5681,1,4,,1,30,,5682,1,4,,1,70,,5683,1,4,,1,30,,5684,1,4,,1,70,,5685,1,4,,1,30,,5686,1,4,,1,70,,5687,1,4,,1,30,,5688,1,4,,1,70,,5689,1,4,,1,30,,5690,1,4,,1,70,,5691,1,4,,1,30,,5692,1,4,,1,70,,5693,1,4,,1,30,,5694,1,4,,1,100,,5695,1,4,,1,100,,5696,1,4,,1,100,,5697,1,4,,1,100,,5698,1,4,,1,100,,5699,1,4,,1
