171200000,'22748',0,,12949,0,,,1,100,,12950,0,,,1,100,,12951,0,,,1,400,,12952,0,,,1,100,,12953,0,,,1,100,,12954,0,,,1,100,,12955,0,,,1,100,,12956,0,,,1,30,,12957,0,,,1,70,,12958,0,,,1,45,,12959,0,,,1,55,,12960,0,,,1,30,,12961,0,,,1,70,,12962,0,,,1,30,,12963,0,,,1,70,,12964,0,,,1,30,,12965,0,,,1,70,,12966,0,,,1,30,,12967,0,,,1,70,,12968,0,,,1,30,,12969,0,,,1,70,,12970,0,,,1,30,,12971,0,,,1,70,,12972,0,,,1,100,,12973,0,,,1,100,,12974,0,,,1,100,,12975,0,,,1,100,,12976,0,,,1,100,,12977,0,,,1
171200000,'22749',0,,12978,0,,,1,100,,12979,0,,,1,100,,12980,0,,,1,400,,12981,0,,,1,100,,12982,0,,,1,30,,12983,0,,,1,70,,12984,0,,,1,30,,12985,0,,,1,70,,12986,0,,,1,30,,12987,0,,,1,70,,12988,0,,,1,30,,12989,0,,,1,70,,12990,0,,,1,45,,12991,0,,,1,55,,12992,0,,,1,30,,12993,0,,,1,70,,12994,0,,,1,30,,12995,0,,,1,70,,12996,0,,,1,30,,12997,0,,,1,70,,12998,0,,,1,30,,12999,0,,,1,70,,13000,0,,,1,30,,13001,0,,,1,70,,13002,0,,,1,30,,13003,0,,,1,70,,13004,0,,,1,100,,13005,0,,,1,100,,13006,0,,,1,100,,13007,0,,,1,100,,13008,0,,,1,100,,13009,0,,,1
171200000,'22750',0,,13010,0,,,1,100,,13011,0,,,1,100,,13012,0,,,1,400,,13013,0,,,1,100,,13014,0,,,1,30,,13015,0,,,1,70,,13016,0,,,1,30,,13017,0,,,1,70,,13018,0,,,1,30,,13019,0,,,1,70,,13020,0,,,1,30,,13021,0,,,1,70,,13022,0,,,1,45,,13023,0,,,1,55,,13024,0,,,1,30,,13025,0,,,1,70,,13026,0,,,1,30,,13027,0,,,1,70,,13028,0,,,1,30,,13029,0,,,1,70,,13030,0,,,1,30,,13031,0,,,1,70,,13032,0,,,1,30,,13033,0,,,1,70,,13034,0,,,1,30,,13035,0,,,1,70,,13036,0,,,1,100,,13037,0,,,1,100,,13038,0,,,1,100,,13039,0,,,1,100,,13040,0,,,1,100,,13041,0,,,1
171200000,'22751',0,,13042,0,,,1,100,,13043,0,,,1,100,,13044,0,,,1,400,,13045,0,,,1,100,,13046,0,,,1,30,,13047,0,,,1,70,,13048,0,,,1,30,,13049,0,,,1,70,,13050,0,,,1,30,,13051,0,,,1,70,,13052,0,,,1,30,,13053,0,,,1,70,,13054,0,,,1,45,,13055,0,,,1,55,,13056,0,,,1,30,,13057,0,,,1,70,,13058,0,,,1,30,,13059,0,,,1,70,,13060,0,,,1,30,,13061,0,,,1,70,,13062,0,,,1,30,,13063,0,,,1,70,,13064,0,,,1,30,,13065,0,,,1,70,,13066,0,,,1,30,,13067,0,,,1,70,,13068,0,,,1,100,,13069,0,,,1,100,,13070,0,,,1,100,,13071,0,,,1,100,,13072,0,,,1,100,,13073,0,,,1
171200000,'22752',0,,13074,0,,,1,100,,13075,0,,,1,100,,13076,0,,,1,400,,13077,0,,,1,100,,13078,0,,,1,30,,13079,0,,,1,70,,13080,0,,,1,30,,13081,0,,,1,70,,13082,0,,,1,30,,13083,0,,,1,70,,13084,0,,,1,30,,13085,0,,,1,70,,13086,0,,,1,45,,13087,0,,,1,55,,13088,0,,,1,30,,13089,0,,,1,70,,13090,0,,,1,30,,13091,0,,,1,70,,13092,0,,,1,30,,13093,0,,,1,70,,13094,0,,,1,30,,13095,0,,,1,70,,13096,0,,,1,30,,13097,0,,,1,70,,13098,0,,,1,30,,13099,0,,,1,70,,13100,0,,,1,100,,13101,0,,,1,100,,13102,0,,,1,100,,13103,0,,,1,100,,13104,0,,,1,100,,13105,0,,,1
171200000,'22753',0,,13106,0,,,1,100,,13107,0,,,1,100,,13108,0,,,1,400,,13109,0,,,1,100,,13110,0,,,1,30,,13111,0,,,1,70,,13112,0,,,1,30,,13113,0,,,1,70,,13114,0,,,1,30,,13115,0,,,1,70,,13116,0,,,1,30,,13117,0,,,1,70,,13118,0,,,1,45,,13119,0,,,1,55,,13120,0,,,1,30,,13121,0,,,1,70,,13122,0,,,1,30,,13123,0,,,1,70,,13124,0,,,1,30,,13125,0,,,1,70,,13126,0,,,1,30,,13127,0,,,1,70,,13128,0,,,1,30,,13129,0,,,1,70,,13130,0,,,1,30,,13131,0,,,1,70,,13132,0,,,1,100,,13133,0,,,1,100,,13134,0,,,1,100,,13135,0,,,1,100,,13136,0,,,1,100,,13137,0,,,1
171200000,'22754',0,,13138,0,,,1,100,,13139,0,,,1,100,,13140,0,,,1,400,,13141,0,,,1,100,,13142,0,,,1,30,,13143,0,,,1,70,,13144,0,,,1,30,,13145,0,,,1,70,,13146,0,,,1,30,,13147,0,,,1,70,,13148,0,,,1,30,,13149,0,,,1,70,,13150,0,,,1,45,,13151,0,,,1,55,,13152,0,,,1,30,,13153,0,,,1,70,,13154,0,,,1,30,,13155,0,,,1,70,,13156,0,,,1,30,,13157,0,,,1,70,,13158,0,,,1,30,,13159,0,,,1,70,,13160,0,,,1,30,,13161,0,,,1,70,,13162,0,,,1,30,,13163,0,,,1,70,,13164,0,,,1,100,,13165,0,,,1,100,,13166,0,,,1,100,,13167,0,,,1,100,,13168,0,,,1,100,,13169,0,,,1
171200000,'22792',0,,1726,0,,,1,200,,1727,0,,,1,400,,1728,0,,,1,100,,1729,0,,,1,30,,1730,0,,,1,70,,1731,0,,,1,30,,1732,0,,,1,70,,1733,0,,,1,30,,1734,0,,,1,70,,1735,0,,,1,30,,1736,0,,,1,70,,1737,0,,,1,45,,1738,0,,,1,55,,1739,0,,,1,30,,1740,0,,,1,70,,1741,0,,,1,30,,1742,0,,,1,70,,1743,0,,,1,30,,1744,0,,,1,70,,1745,0,,,1,30,,1746,0,,,1,70,,1747,0,,,1,30,,1748,0,,,1,70,,1749,0,,,1,30,,1750,0,,,1,70,,1751,0,,,1,100,,1752,0,,,1,100,,1753,0,,,1,100,,1754,0,,,1,100,,1755,0,,,1,100,,1756,0,,,1
171200000,'22794',0,,1757,0,,,1,200,,1758,0,,,1,400,,1759,0,,,1,100,,1760,0,,,1,30,,1761,0,,,1,70,,1762,0,,,1,30,,1763,0,,,1,70,,1764,0,,,1,30,,1765,0,,,1,70,,1766,0,,,1,30,,1767,0,,,1,70,,1768,0,,,1,45,,1769,0,,,1,55,,1770,0,,,1,30,,1771,0,,,1,70,,1772,0,,,1,30,,1773,0,,,1,70,,1774,0,,,1,30,,1775,0,,,1,70,,1776,0,,,1,30,,1777,0,,,1,70,,1778,0,,,1,30,,1779,0,,,1,70,,1780,0,,,1,30,,1781,0,,,1,70,,1782,0,,,1,100,,1783,0,,,1,100,,1784,0,,,1,100,,1785,0,,,1,100,,1786,0,,,1,100,,1787,0,,,1
171200000,'24544',0,,13170,0,,,1,100,,13171,0,,,1,100,,13172,0,,,1,400,,13173,0,,,1,100,,13174,0,,,1,100,,13175,0,,,1,100,,13176,0,,,1,100,,13177,0,,,1,30,,13178,0,,,1,70,,13179,0,,,1,45,,13180,0,,,1,55,,13181,0,,,1,30,,13182,0,,,1,70,,13183,0,,,1,30,,13184,0,,,1,70,,13185,0,,,1,30,,13186,0,,,1,70,,13187,0,,,1,30,,13188,0,,,1,70,,13189,0,,,1,30,,13190,0,,,1,70,,13191,0,,,1,30,,13192,0,,,1,70,,13193,0,,,1,100,,13194,0,,,1,100,,13195,0,,,1,100,,13196,0,,,1,100,,13197,0,,,1,100,,13198,0,,,1
171200000,'24545',0,,13199,0,,,1,100,,13200,0,,,1,100,,13201,0,,,1,400,,13202,0,,,1,100,,13203,0,,,1,30,,13204,0,,,1,70,,13205,0,,,1,30,,13206,0,,,1,70,,13207,0,,,1,30,,13208,0,,,1,70,,13209,0,,,1,30,,13210,0,,,1,70,,13211,0,,,1,45,,13212,0,,,1,55,,13213,0,,,1,30,,13214,0,,,1,70,,13215,0,,,1,30,,13216,0,,,1,70,,13217,0,,,1,30,,13218,0,,,1,70,,13219,0,,,1,30,,13220,0,,,1,70,,13221,0,,,1,30,,13222,0,,,1,70,,13223,0,,,1,30,,13224,0,,,1,70,,13225,0,,,1,100,,13226,0,,,1,100,,13227,0,,,1,100,,13228,0,,,1,100,,13229,0,,,1,100,,13230,0,,,1
171200000,'24546',0,,13231,0,,,1,100,,13232,0,,,1,100,,13233,0,,,1,400,,13234,0,,,1,100,,13235,0,,,1,30,,13236,0,,,1,70,,13237,0,,,1,30,,13238,0,,,1,70,,13239,0,,,1,30,,13240,0,,,1,70,,13241,0,,,1,30,,13242,0,,,1,70,,13243,0,,,1,45,,13244,0,,,1,55,,13245,0,,,1,30,,13246,0,,,1,70,,13247,0,,,1,30,,13248,0,,,1,70,,13249,0,,,1,30,,13250,0,,,1,70,,13251,0,,,1,30,,13252,0,,,1,70,,13253,0,,,1,30,,13254,0,,,1,70,,13255,0,,,1,30,,13256,0,,,1,70,,13257,0,,,1,100,,13258,0,,,1,100,,13259,0,,,1,100,,13260,0,,,1,100,,13261,0,,,1,100,,13262,0,,,1
171200000,'24547',0,,13263,0,,,1,100,,13264,0,,,1,100,,13265,0,,,1,400,,13266,0,,,1,100,,13267,0,,,1,30,,13268,0,,,1,70,,13269,0,,,1,30,,13270,0,,,1,70,,13271,0,,,1,30,,13272,0,,,1,70,,13273,0,,,1,30,,13274,0,,,1,70,,13275,0,,,1,45,,13276,0,,,1,55,,13277,0,,,1,30,,13278,0,,,1,70,,13279,0,,,1,30,,13280,0,,,1,70,,13281,0,,,1,30,,13282,0,,,1,70,,13283,0,,,1,30,,13284,0,,,1,70,,13285,0,,,1,30,,13286,0,,,1,70,,13287,0,,,1,30,,13288,0,,,1,70,,13289,0,,,1,100,,13290,0,,,1,100,,13291,0,,,1,100,,13292,0,,,1,100,,13293,0,,,1,100,,13294,0,,,1
171200000,'24548',0,,13295,0,,,1,100,,13296,0,,,1,100,,13297,0,,,1,400,,13298,0,,,1,100,,13299,0,,,1,30,,13300,0,,,1,70,,13301,0,,,1,30,,13302,0,,,1,70,,13303,0,,,1,30,,13304,0,,,1,70,,13305,0,,,1,30,,13306,0,,,1,70,,13307,0,,,1,45,,13308,0,,,1,55,,13309,0,,,1,30,,13310,0,,,1,70,,13311,0,,,1,30,,13312,0,,,1,70,,13313,0,,,1,30,,13314,0,,,1,70,,13315,0,,,1,30,,13316,0,,,1,70,,13317,0,,,1,30,,13318,0,,,1,70,,13319,0,,,1,30,,13320,0,,,1,70,,13321,0,,,1,100,,13322,0,,,1,100,,13323,0,,,1,100,,13324,0,,,1,100,,13325,0,,,1,100,,13326,0,,,1
171200000,'24549',0,,13327,0,,,1,100,,13328,0,,,1,100,,13329,0,,,1,400,,13330,0,,,1,100,,13331,0,,,1,30,,13332,0,,,1,70,,13333,0,,,1,30,,13334,0,,,1,70,,13335,0,,,1,30,,13336,0,,,1,70,,13337,0,,,1,30,,13338,0,,,1,70,,13339,0,,,1,45,,13340,0,,,1,55,,13341,0,,,1,30,,13342,0,,,1,70,,13343,0,,,1,30,,13344,0,,,1,70,,13345,0,,,1,30,,13346,0,,,1,70,,13347,0,,,1,30,,13348,0,,,1,70,,13349,0,,,1,30,,13350,0,,,1,70,,13351,0,,,1,30,,13352,0,,,1,70,,13353,0,,,1,100,,13354,0,,,1,100,,13355,0,,,1,100,,13356,0,,,1,100,,13357,0,,,1,100,,13358,0,,,1
171200000,'24550',0,,13359,0,,,1,100,,13360,0,,,1,100,,13361,0,,,1,400,,13362,0,,,1,100,,13363,0,,,1,30,,13364,0,,,1,70,,13365,0,,,1,30,,13366,0,,,1,70,,13367,0,,,1,30,,13368,0,,,1,70,,13369,0,,,1,30,,13370,0,,,1,70,,13371,0,,,1,45,,13372,0,,,1,55,,13373,0,,,1,30,,13374,0,,,1,70,,13375,0,,,1,30,,13376,0,,,1,70,,13377,0,,,1,30,,13378,0,,,1,70,,13379,0,,,1,30,,13380,0,,,1,70,,13381,0,,,1,30,,13382,0,,,1,70,,13383,0,,,1,30,,13384,0,,,1,70,,13385,0,,,1,100,,13386,0,,,1,100,,13387,0,,,1,100,,13388,0,,,1,100,,13389,0,,,1,100,,13390,0,,,1
171200000,'24573',0,,13581,0,,,1,100,,13582,0,,,1,100,,13583,0,,,1,400,,13584,0,,,1,100,,13585,0,,,1,30,,13586,0,,,1,70,,13587,0,,,1,30,,13588,0,,,1,70,,13589,0,,,1,30,,13590,0,,,1,70,,13591,0,,,1,30,,13592,0,,,1,70,,13593,0,,,1,45,,13594,0,,,1,55,,13595,0,,,1,30,,13596,0,,,1,70,,13597,0,,,1,30,,13598,0,,,1,70,,13599,0,,,1,30,,13600,0,,,1,70,,13601,0,,,1,30,,13602,0,,,1,70,,13603,0,,,1,30,,13604,0,,,1,70,,13605,0,,,1,30,,13606,0,,,1,70,,13607,0,,,1,100,,13608,0,,,1,100,,13609,0,,,1,100,,13610,0,,,1,200,,13611,0,,,1
171200000,'24574',0,,13612,0,,,1,100,,13613,0,,,1,100,,13614,0,,,1,400,,13615,0,,,1,100,,13616,0,,,1,30,,13617,0,,,1,70,,13618,0,,,1,30,,13619,0,,,1,70,,13620,0,,,1,30,,13621,0,,,1,70,,13622,0,,,1,30,,13623,0,,,1,70,,13624,0,,,1,45,,13625,0,,,1,55,,13626,0,,,1,30,,13627,0,,,1,70,,13628,0,,,1,30,,13629,0,,,1,70,,13630,0,,,1,30,,13631,0,,,1,70,,13632,0,,,1,30,,13633,0,,,1,70,,13634,0,,,1,30,,13635,0,,,1,70,,13636,0,,,1,30,,13637,0,,,1,70,,13638,0,,,1,100,,13639,0,,,1,100,,13640,0,,,1,100,,13641,0,,,1,200,,13642,0,,,1
171200000,'24575',0,,13643,0,,,1,100,,13644,0,,,1,100,,13645,0,,,1,400,,13646,0,,,1,100,,13647,0,,,1,30,,13648,0,,,1,70,,13649,0,,,1,30,,13650,0,,,1,70,,13651,0,,,1,30,,13652,0,,,1,70,,13653,0,,,1,30,,13654,0,,,1,70,,13655,0,,,1,45,,13656,0,,,1,55,,13657,0,,,1,30,,13658,0,,,1,70,,13659,0,,,1,30,,13660,0,,,1,70,,13661,0,,,1,30,,13662,0,,,1,70,,13663,0,,,1,30,,13664,0,,,1,70,,13665,0,,,1,30,,13666,0,,,1,70,,13667,0,,,1,30,,13668,0,,,1,70,,13669,0,,,1,100,,13670,0,,,1,100,,13671,0,,,1,100,,13672,0,,,1,200,,13673,0,,,1
171200000,'24576',0,,13674,0,,,1,100,,13675,0,,,1,100,,13676,0,,,1,400,,13677,0,,,1,100,,13678,0,,,1,30,,13679,0,,,1,70,,13680,0,,,1,30,,13681,0,,,1,70,,13682,0,,,1,30,,13683,0,,,1,70,,13684,0,,,1,30,,13685,0,,,1,70,,13686,0,,,1,45,,13687,0,,,1,55,,13688,0,,,1,30,,13689,0,,,1,70,,13690,0,,,1,30,,13691,0,,,1,70,,13692,0,,,1,30,,13693,0,,,1,70,,13694,0,,,1,30,,13695,0,,,1,70,,13696,0,,,1,30,,13697,0,,,1,70,,13698,0,,,1,30,,13699,0,,,1,70,,13700,0,,,1,100,,13701,0,,,1,100,,13702,0,,,1,100,,13703,0,,,1,200,,13704,0,,,1
171200000,'24577',0,,13705,0,,,1,100,,13706,0,,,1,100,,13707,0,,,1,400,,13708,0,,,1,100,,13709,0,,,1,30,,13710,0,,,1,70,,13711,0,,,1,30,,13712,0,,,1,70,,13713,0,,,1,30,,13714,0,,,1,70,,13715,0,,,1,30,,13716,0,,,1,70,,13717,0,,,1,45,,13718,0,,,1,55,,13719,0,,,1,30,,13720,0,,,1,70,,13721,0,,,1,30,,13722,0,,,1,70,,13723,0,,,1,30,,13724,0,,,1,70,,13725,0,,,1,30,,13726,0,,,1,70,,13727,0,,,1,30,,13728,0,,,1,70,,13729,0,,,1,30,,13730,0,,,1,70,,13731,0,,,1,100,,13732,0,,,1,100,,13733,0,,,1,100,,13734,0,,,1,200,,13735,0,,,1
171200000,'24578',0,,13736,0,,,1,100,,13737,0,,,1,100,,13738,0,,,1,400,,13739,0,,,1,100,,13740,0,,,1,30,,13741,0,,,1,70,,13742,0,,,1,30,,13743,0,,,1,70,,13744,0,,,1,30,,13745,0,,,1,70,,13746,0,,,1,30,,13747,0,,,1,70,,13748,0,,,1,45,,13749,0,,,1,55,,13750,0,,,1,30,,13751,0,,,1,70,,13752,0,,,1,30,,13753,0,,,1,70,,13754,0,,,1,30,,13755,0,,,1,70,,13756,0,,,1,30,,13757,0,,,1,70,,13758,0,,,1,30,,13759,0,,,1,70,,13760,0,,,1,30,,13761,0,,,1,70,,13762,0,,,1,100,,13763,0,,,1,100,,13764,0,,,1,100,,13765,0,,,1,200,,13766,0,,,1
171200000,'24579',0,,13767,0,,,1,100,,13768,0,,,1,100,,13769,0,,,1,400,,13770,0,,,1,100,,13771,0,,,1,30,,13772,0,,,1,70,,13773,0,,,1,30,,13774,0,,,1,70,,13775,0,,,1,30,,13776,0,,,1,70,,13777,0,,,1,30,,13778,0,,,1,70,,13779,0,,,1,45,,13780,0,,,1,55,,13781,0,,,1,30,,13782,0,,,1,70,,13783,0,,,1,30,,13784,0,,,1,70,,13785,0,,,1,30,,13786,0,,,1,70,,13787,0,,,1,30,,13788,0,,,1,70,,13789,0,,,1,30,,13790,0,,,1,70,,13791,0,,,1,30,,13792,0,,,1,70,,13793,0,,,1,100,,13794,0,,,1,100,,13795,0,,,1,100,,13796,0,,,1,200,,13797,0,,,1
171200000,'24580',0,,13798,0,,,1,100,,13799,0,,,1,100,,13800,0,,,1,400,,13801,0,,,1,100,,13802,0,,,1,30,,13803,0,,,1,70,,13804,0,,,1,30,,13805,0,,,1,70,,13806,0,,,1,30,,13807,0,,,1,70,,13808,0,,,1,30,,13809,0,,,1,70,,13810,0,,,1,45,,13811,0,,,1,55,,13812,0,,,1,30,,13813,0,,,1,70,,13814,0,,,1,30,,13815,0,,,1,70,,13816,0,,,1,30,,13817,0,,,1,70,,13818,0,,,1,30,,13819,0,,,1,70,,13820,0,,,1,30,,13821,0,,,1,70,,13822,0,,,1,30,,13823,0,,,1,70,,13824,0,,,1,100,,13825,0,,,1,100,,13826,0,,,1,100,,13827,0,,,1,200,,13828,0,,,1
171200001,'22741',42,,13864,1,4,,1,100,,13865,1,4,,1,90,,13866,1,4,,1,410,,13867,1,4,,1,100,,13868,1,4,,1,100,,13869,1,4,,1,100,,13870,1,4,,1,100,,13871,1,4,,1,70,,13872,1,4,,1,45,,13873,1,4,,1,55,,13874,1,4,,1,30,,13875,1,4,,1,70,,13876,1,4,,1,30,,13877,1,4,,1,70,,13878,1,4,,1,30,,13879,1,4,,1,70,,13880,1,4,,1,30,,13881,1,4,,1,70,,13882,1,4,,1,30,,13883,1,4,,1,70,,13884,1,4,,1,30,,13885,1,4,,1,70,,13886,1,4,,1,30,,13887,1,4,,1,100,,13888,1,4,,1,100,,13889,1,4,,1,100,,13890,1,4,,1,100,,13891,1,4,,1,100,,13892,1,4,,1
171200001,'22742',42,,13893,1,4,,1,100,,13894,1,4,,1,90,,13895,1,4,,1,410,,13896,1,4,,1,70,,13897,1,4,,1,30,,13898,1,4,,1,70,,13899,1,4,,1,30,,13900,1,4,,1,70,,13901,1,4,,1,30,,13902,1,4,,1,70,,13903,1,4,,1,30,,13904,1,4,,1,70,,13905,1,4,,1,45,,13906,1,4,,1,55,,13907,1,4,,1,30,,13908,1,4,,1,70,,13909,1,4,,1,30,,13910,1,4,,1,70,,13911,1,4,,1,30,,13912,1,4,,1,70,,13913,1,4,,1,30,,13914,1,4,,1,70,,13915,1,4,,1,30,,13916,1,4,,1,70,,13917,1,4,,1,30,,13918,1,4,,1,70,,13919,1,4,,1,30,,13920,1,4,,1,100,,13921,1,4,,1,100,,13922,1,4,,1,100,,13923,1,4,,1,100,,13924,1,4,,1,100,,13925,1,4,,1
171200001,'22743',42,,13926,1,4,,1,100,,13927,1,4,,1,90,,13928,1,4,,1,410,,13929,1,4,,1,70,,13930,1,4,,1,30,,13931,1,4,,1,70,,13932,1,4,,1,30,,13933,1,4,,1,70,,13934,1,4,,1,30,,13935,1,4,,1,70,,13936,1,4,,1,30,,13937,1,4,,1,70,,13938,1,4,,1,45,,13939,1,4,,1,55,,13940,1,4,,1,30,,13941,1,4,,1,70,,13942,1,4,,1,30,,13943,1,4,,1,70,,13944,1,4,,1,30,,13945,1,4,,1,70,,13946,1,4,,1,30,,13947,1,4,,1,70,,13948,1,4,,1,30,,13949,1,4,,1,70,,13950,1,4,,1,30,,13951,1,4,,1,70,,13952,1,4,,1,30,,13953,1,4,,1,100,,13954,1,4,,1,100,,13955,1,4,,1,100,,13956,1,4,,1,100,,13957,1,4,,1,100,,13958,1,4,,1
171200001,'22744',42,,13959,1,4,,1,100,,13960,1,4,,1,90,,13961,1,4,,1,410,,13962,1,4,,1,70,,13963,1,4,,1,30,,13964,1,4,,1,70,,13965,1,4,,1,30,,13966,1,4,,1,70,,13967,1,4,,1,30,,13968,1,4,,1,70,,13969,1,4,,1,30,,13970,1,4,,1,70,,13971,1,4,,1,45,,13972,1,4,,1,55,,13973,1,4,,1,30,,13974,1,4,,1,70,,13975,1,4,,1,30,,13976,1,4,,1,70,,13977,1,4,,1,30,,13978,1,4,,1,70,,13979,1,4,,1,30,,13980,1,4,,1,70,,13981,1,4,,1,30,,13982,1,4,,1,70,,13983,1,4,,1,30,,13984,1,4,,1,70,,13985,1,4,,1,30,,13986,1,4,,1,100,,13987,1,4,,1,100,,13988,1,4,,1,100,,13989,1,4,,1,100,,13990,1,4,,1,100,,13991,1,4,,1
171200001,'22745',42,,13992,1,4,,1,100,,13993,1,4,,1,90,,13994,1,4,,1,410,,13995,1,4,,1,70,,13996,1,4,,1,30,,13997,1,4,,1,70,,13998,1,4,,1,30,,13999,1,4,,1,70,,14000,1,4,,1,30,,14001,1,4,,1,70,,14002,1,4,,1,30,,14003,1,4,,1,70,,14004,1,4,,1,45,,14005,1,4,,1,55,,14006,1,4,,1,30,,14007,1,4,,1,70,,14008,1,4,,1,30,,14009,1,4,,1,70,,14010,1,4,,1,30,,14011,1,4,,1,70,,14012,1,4,,1,30,,14013,1,4,,1,70,,14014,1,4,,1,30,,14015,1,4,,1,70,,14016,1,4,,1,30,,14017,1,4,,1,70,,14018,1,4,,1,30,,14019,1,4,,1,100,,14020,1,4,,1,100,,14021,1,4,,1,100,,14022,1,4,,1,100,,14023,1,4,,1,100,,14024,1,4,,1
171200001,'22746',42,,14025,1,4,,1,100,,14026,1,4,,1,90,,14027,1,4,,1,410,,14028,1,4,,1,70,,14029,1,4,,1,30,,14030,1,4,,1,70,,14031,1,4,,1,30,,14032,1,4,,1,70,,14033,1,4,,1,30,,14034,1,4,,1,70,,14035,1,4,,1,30,,14036,1,4,,1,70,,14037,1,4,,1,45,,14038,1,4,,1,55,,14039,1,4,,1,30,,14040,1,4,,1,70,,14041,1,4,,1,30,,14042,1,4,,1,70,,14043,1,4,,1,30,,14044,1,4,,1,70,,14045,1,4,,1,30,,14046,1,4,,1,70,,14047,1,4,,1,30,,14048,1,4,,1,70,,14049,1,4,,1,30,,14050,1,4,,1,70,,14051,1,4,,1,30,,14052,1,4,,1,100,,14053,1,4,,1,100,,14054,1,4,,1,100,,14055,1,4,,1,100,,14056,1,4,,1,100,,14057,1,4,,1
171200001,'22747',42,,14058,1,4,,1,100,,14059,1,4,,1,90,,14060,1,4,,1,410,,14061,1,4,,1,100,,14062,1,4,,1,70,,14063,1,4,,1,30,,14064,1,4,,1,70,,14065,1,4,,1,30,,14066,1,4,,1,70,,14067,1,4,,1,30,,14068,1,4,,1,70,,14069,1,4,,1,45,,14070,1,4,,1,55,,14071,1,4,,1,30,,14072,1,4,,1,70,,14073,1,4,,1,30,,14074,1,4,,1,70,,14075,1,4,,1,30,,14076,1,4,,1,70,,14077,1,4,,1,30,,14078,1,4,,1,70,,14079,1,4,,1,30,,14080,1,4,,1,70,,14081,1,4,,1,30,,14082,1,4,,1,70,,14083,1,4,,1,30,,14084,1,4,,1,100,,14085,1,4,,1,100,,14086,1,4,,1,100,,14087,1,4,,1,100,,14088,1,4,,1,100,,14089,1,4,,1
171200001,'22791',42,,2657,1,4,,1,190,,2658,1,4,,1,410,,2659,1,4,,1,70,,2660,1,4,,1,30,,2661,1,4,,1,70,,2662,1,4,,1,30,,2663,1,4,,1,70,,2664,1,4,,1,30,,2665,1,4,,1,70,,2666,1,4,,1,30,,2667,1,4,,1,70,,2668,1,4,,1,45,,2669,1,4,,1,55,,2670,1,4,,1,30,,2671,1,4,,1,70,,2672,1,4,,1,30,,2673,1,4,,1,70,,2674,1,4,,1,30,,2675,1,4,,1,70,,2676,1,4,,1,30,,2677,1,4,,1,70,,2678,1,4,,1,30,,2679,1,4,,1,70,,2680,1,4,,1,30,,2681,1,4,,1,70,,2682,1,4,,1,30,,2683,1,4,,1,100,,2684,1,4,,1,100,,2685,1,4,,1,100,,2686,1,4,,1,100,,2687,1,4,,1,100,,2688,1,4,,1
171200001,'22793',42,,2689,1,4,,1,190,,2690,1,4,,1,410,,2691,1,4,,1,70,,2692,1,4,,1,30,,2693,1,4,,1,70,,2694,1,4,,1,30,,2695,1,4,,1,70,,2696,1,4,,1,30,,2697,1,4,,1,70,,2698,1,4,,1,30,,2699,1,4,,1,70,,2700,1,4,,1,45,,2701,1,4,,1,55,,2702,1,4,,1,30,,2703,1,4,,1,70,,2704,1,4,,1,30,,2705,1,4,,1,70,,2706,1,4,,1,30,,2707,1,4,,1,70,,2708,1,4,,1,30,,2709,1,4,,1,70,,2710,1,4,,1,30,,2711,1,4,,1,70,,2712,1,4,,1,30,,2713,1,4,,1,70,,2714,1,4,,1,30,,2715,1,4,,1,100,,2716,1,4,,1,100,,2717,1,4,,1,100,,2718,1,4,,1,100,,2719,1,4,,1,100,,2720,1,4,,1
171200001,'24537',42,,14090,1,4,,1,100,,14091,1,4,,1,90,,14092,1,4,,1,410,,14093,1,4,,1,100,,14094,1,4,,1,100,,14095,1,4,,1,100,,14096,1,4,,1,100,,14097,1,4,,1,70,,14098,1,4,,1,45,,14099,1,4,,1,55,,14100,1,4,,1,30,,14101,1,4,,1,70,,14102,1,4,,1,30,,14103,1,4,,1,70,,14104,1,4,,1,30,,14105,1,4,,1,70,,14106,1,4,,1,30,,14107,1,4,,1,70,,14108,1,4,,1,30,,14109,1,4,,1,70,,14110,1,4,,1,30,,14111,1,4,,1,70,,14112,1,4,,1,30,,14113,1,4,,1,100,,14114,1,4,,1,100,,14115,1,4,,1,100,,14116,1,4,,1,100,,14117,1,4,,1,100,,14118,1,4,,1
171200001,'24538',42,,14119,1,4,,1,100,,14120,1,4,,1,90,,14121,1,4,,1,410,,14122,1,4,,1,70,,14123,1,4,,1,30,,14124,1,4,,1,70,,14125,1,4,,1,30,,14126,1,4,,1,70,,14127,1,4,,1,30,,14128,1,4,,1,70,,14129,1,4,,1,30,,14130,1,4,,1,70,,14131,1,4,,1,45,,14132,1,4,,1,55,,14133,1,4,,1,30,,14134,1,4,,1,70,,14135,1,4,,1,30,,14136,1,4,,1,70,,14137,1,4,,1,30,,14138,1,4,,1,70,,14139,1,4,,1,30,,14140,1,4,,1,70,,14141,1,4,,1,30,,14142,1,4,,1,70,,14143,1,4,,1,30,,14144,1,4,,1,70,,14145,1,4,,1,30,,14146,1,4,,1,100,,14147,1,4,,1,100,,14148,1,4,,1,100,,14149,1,4,,1,100,,14150,1,4,,1,100,,14151,1,4,,1
171200001,'24539',42,,14152,1,4,,1,100,,14153,1,4,,1,90,,14154,1,4,,1,410,,14155,1,4,,1,70,,14156,1,4,,1,30,,14157,1,4,,1,70,,14158,1,4,,1,30,,14159,1,4,,1,70,,14160,1,4,,1,30,,14161,1,4,,1,70,,14162,1,4,,1,30,,14163,1,4,,1,70,,14164,1,4,,1,45,,14165,1,4,,1,55,,14166,1,4,,1,30,,14167,1,4,,1,70,,14168,1,4,,1,30,,14169,1,4,,1,70,,14170,1,4,,1,30,,14171,1,4,,1,70,,14172,1,4,,1,30,,14173,1,4,,1,70,,14174,1,4,,1,30,,14175,1,4,,1,70,,14176,1,4,,1,30,,14177,1,4,,1,70,,14178,1,4,,1,30,,14179,1,4,,1,100,,14180,1,4,,1,100,,14181,1,4,,1,100,,14182,1,4,,1,100,,14183,1,4,,1,100,,14184,1,4,,1
171200001,'24540',42,,14185,1,4,,1,100,,14186,1,4,,1,90,,14187,1,4,,1,410,,14188,1,4,,1,70,,14189,1,4,,1,30,,14190,1,4,,1,70,,14191,1,4,,1,30,,14192,1,4,,1,70,,14193,1,4,,1,30,,14194,1,4,,1,70,,14195,1,4,,1,30,,14196,1,4,,1,70,,14197,1,4,,1,45,,14198,1,4,,1,55,,14199,1,4,,1,30,,14200,1,4,,1,70,,14201,1,4,,1,30,,14202,1,4,,1,70,,14203,1,4,,1,30,,14204,1,4,,1,70,,14205,1,4,,1,30,,14206,1,4,,1,70,,14207,1,4,,1,30,,14208,1,4,,1,70,,14209,1,4,,1,30,,14210,1,4,,1,70,,14211,1,4,,1,30,,14212,1,4,,1,100,,14213,1,4,,1,100,,14214,1,4,,1,100,,14215,1,4,,1,100,,14216,1,4,,1,100,,14217,1,4,,1
171200001,'24541',42,,14218,1,4,,1,100,,14219,1,4,,1,90,,14220,1,4,,1,410,,14221,1,4,,1,70,,14222,1,4,,1,30,,14223,1,4,,1,70,,14224,1,4,,1,30,,14225,1,4,,1,70,,14226,1,4,,1,30,,14227,1,4,,1,70,,14228,1,4,,1,30,,14229,1,4,,1,70,,14230,1,4,,1,45,,14231,1,4,,1,55,,14232,1,4,,1,30,,14233,1,4,,1,70,,14234,1,4,,1,30,,14235,1,4,,1,70,,14236,1,4,,1,30,,14237,1,4,,1,70,,14238,1,4,,1,30,,14239,1,4,,1,70,,14240,1,4,,1,30,,14241,1,4,,1,70,,14242,1,4,,1,30,,14243,1,4,,1,70,,14244,1,4,,1,30,,14245,1,4,,1,100,,14246,1,4,,1,100,,14247,1,4,,1,100,,14248,1,4,,1,100,,14249,1,4,,1,100,,14250,1,4,,1
171200001,'24542',42,,14251,1,4,,1,100,,14252,1,4,,1,90,,14253,1,4,,1,410,,14254,1,4,,1,70,,14255,1,4,,1,30,,14256,1,4,,1,70,,14257,1,4,,1,30,,14258,1,4,,1,70,,14259,1,4,,1,30,,14260,1,4,,1,70,,14261,1,4,,1,30,,14262,1,4,,1,70,,14263,1,4,,1,45,,14264,1,4,,1,55,,14265,1,4,,1,30,,14266,1,4,,1,70,,14267,1,4,,1,30,,14268,1,4,,1,70,,14269,1,4,,1,30,,14270,1,4,,1,70,,14271,1,4,,1,30,,14272,1,4,,1,70,,14273,1,4,,1,30,,14274,1,4,,1,70,,14275,1,4,,1,30,,14276,1,4,,1,70,,14277,1,4,,1,30,,14278,1,4,,1,100,,14279,1,4,,1,100,,14280,1,4,,1,100,,14281,1,4,,1,100,,14282,1,4,,1,100,,14283,1,4,,1
171200001,'24543',42,,14284,1,4,,1,100,,14285,1,4,,1,90,,14286,1,4,,1,410,,14287,1,4,,1,100,,14288,1,4,,1,70,,14289,1,4,,1,30,,14290,1,4,,1,70,,14291,1,4,,1,30,,14292,1,4,,1,70,,14293,1,4,,1,30,,14294,1,4,,1,70,,14295,1,4,,1,45,,14296,1,4,,1,55,,14297,1,4,,1,30,,14298,1,4,,1,70,,14299,1,4,,1,30,,14300,1,4,,1,70,,14301,1,4,,1,30,,14302,1,4,,1,70,,14303,1,4,,1,30,,14304,1,4,,1,70,,14305,1,4,,1,30,,14306,1,4,,1,70,,14307,1,4,,1,30,,14308,1,4,,1,70,,14309,1,4,,1,30,,14310,1,4,,1,100,,14311,1,4,,1,100,,14312,1,4,,1,100,,14313,1,4,,1,100,,14314,1,4,,1,100,,14315,1,4,,1
171200001,'24565',42,,14534,1,4,,1,100,,14535,1,4,,1,90,,14536,1,4,,1,410,,14537,1,4,,1,70,,14538,1,4,,1,30,,14539,1,4,,1,70,,14540,1,4,,1,30,,14541,1,4,,1,70,,14542,1,4,,1,30,,14543,1,4,,1,70,,14544,1,4,,1,30,,14545,1,4,,1,70,,14546,1,4,,1,45,,14547,1,4,,1,55,,14548,1,4,,1,30,,14549,1,4,,1,70,,14550,1,4,,1,30,,14551,1,4,,1,70,,14552,1,4,,1,30,,14553,1,4,,1,70,,14554,1,4,,1,30,,14555,1,4,,1,70,,14556,1,4,,1,30,,14557,1,4,,1,70,,14558,1,4,,1,30,,14559,1,4,,1,70,,14560,1,4,,1,30,,14561,1,4,,1,100,,14562,1,4,,1,100,,14563,1,4,,1,200,,14564,1,4,,1,100,,14565,1,4,,1
171200001,'24566',42,,14566,1,4,,1,100,,14567,1,4,,1,90,,14568,1,4,,1,410,,14569,1,4,,1,70,,14570,1,4,,1,30,,14571,1,4,,1,70,,14572,1,4,,1,30,,14573,1,4,,1,70,,14574,1,4,,1,30,,14575,1,4,,1,70,,14576,1,4,,1,30,,14577,1,4,,1,70,,14578,1,4,,1,45,,14579,1,4,,1,55,,14580,1,4,,1,30,,14581,1,4,,1,70,,14582,1,4,,1,30,,14583,1,4,,1,70,,14584,1,4,,1,30,,14585,1,4,,1,70,,14586,1,4,,1,30,,14587,1,4,,1,70,,14588,1,4,,1,30,,14589,1,4,,1,70,,14590,1,4,,1,30,,14591,1,4,,1,70,,14592,1,4,,1,30,,14593,1,4,,1,100,,14594,1,4,,1,100,,14595,1,4,,1,200,,14596,1,4,,1,100,,14597,1,4,,1
171200001,'24567',42,,14598,1,4,,1,100,,14599,1,4,,1,90,,14600,1,4,,1,410,,14601,1,4,,1,70,,14602,1,4,,1,30,,14603,1,4,,1,70,,14604,1,4,,1,30,,14605,1,4,,1,70,,14606,1,4,,1,30,,14607,1,4,,1,70,,14608,1,4,,1,30,,14609,1,4,,1,70,,14610,1,4,,1,45,,14611,1,4,,1,55,,14612,1,4,,1,30,,14613,1,4,,1,70,,14614,1,4,,1,30,,14615,1,4,,1,70,,14616,1,4,,1,30,,14617,1,4,,1,70,,14618,1,4,,1,30,,14619,1,4,,1,70,,14620,1,4,,1,30,,14621,1,4,,1,70,,14622,1,4,,1,30,,14623,1,4,,1,70,,14624,1,4,,1,30,,14625,1,4,,1,100,,14626,1,4,,1,100,,14627,1,4,,1,200,,14628,1,4,,1,100,,14629,1,4,,1
171200001,'24568',42,,14630,1,4,,1,100,,14631,1,4,,1,90,,14632,1,4,,1,410,,14633,1,4,,1,70,,14634,1,4,,1,30,,14635,1,4,,1,70,,14636,1,4,,1,30,,14637,1,4,,1,70,,14638,1,4,,1,30,,14639,1,4,,1,70,,14640,1,4,,1,30,,14641,1,4,,1,70,,14642,1,4,,1,45,,14643,1,4,,1,55,,14644,1,4,,1,30,,14645,1,4,,1,70,,14646,1,4,,1,30,,14647,1,4,,1,70,,14648,1,4,,1,30,,14649,1,4,,1,70,,14650,1,4,,1,30,,14651,1,4,,1,70,,14652,1,4,,1,30,,14653,1,4,,1,70,,14654,1,4,,1,30,,14655,1,4,,1,70,,14656,1,4,,1,30,,14657,1,4,,1,100,,14658,1,4,,1,100,,14659,1,4,,1,200,,14660,1,4,,1,100,,14661,1,4,,1
171200001,'24569',42,,14662,1,4,,1,100,,14663,1,4,,1,90,,14664,1,4,,1,410,,14665,1,4,,1,100,,14666,1,4,,1,70,,14667,1,4,,1,30,,14668,1,4,,1,70,,14669,1,4,,1,30,,14670,1,4,,1,70,,14671,1,4,,1,30,,14672,1,4,,1,70,,14673,1,4,,1,45,,14674,1,4,,1,55,,14675,1,4,,1,30,,14676,1,4,,1,70,,14677,1,4,,1,30,,14678,1,4,,1,70,,14679,1,4,,1,30,,14680,1,4,,1,70,,14681,1,4,,1,30,,14682,1,4,,1,70,,14683,1,4,,1,30,,14684,1,4,,1,70,,14685,1,4,,1,30,,14686,1,4,,1,70,,14687,1,4,,1,30,,14688,1,4,,1,100,,14689,1,4,,1,100,,14690,1,4,,1,200,,14691,1,4,,1,100,,14692,1,4,,1
171200001,'24570',42,,14693,1,4,,1,100,,14694,1,4,,1,90,,14695,1,4,,1,410,,14696,1,4,,1,70,,14697,1,4,,1,30,,14698,1,4,,1,70,,14699,1,4,,1,30,,14700,1,4,,1,70,,14701,1,4,,1,30,,14702,1,4,,1,70,,14703,1,4,,1,30,,14704,1,4,,1,70,,14705,1,4,,1,45,,14706,1,4,,1,55,,14707,1,4,,1,30,,14708,1,4,,1,70,,14709,1,4,,1,30,,14710,1,4,,1,70,,14711,1,4,,1,30,,14712,1,4,,1,70,,14713,1,4,,1,30,,14714,1,4,,1,70,,14715,1,4,,1,30,,14716,1,4,,1,70,,14717,1,4,,1,30,,14718,1,4,,1,70,,14719,1,4,,1,30,,14720,1,4,,1,100,,14721,1,4,,1,100,,14722,1,4,,1,200,,14723,1,4,,1,100,,14724,1,4,,1
171200001,'24571',42,,14725,1,4,,1,100,,14726,1,4,,1,90,,14727,1,4,,1,410,,14728,1,4,,1,70,,14729,1,4,,1,30,,14730,1,4,,1,70,,14731,1,4,,1,30,,14732,1,4,,1,70,,14733,1,4,,1,30,,14734,1,4,,1,70,,14735,1,4,,1,30,,14736,1,4,,1,70,,14737,1,4,,1,45,,14738,1,4,,1,55,,14739,1,4,,1,30,,14740,1,4,,1,70,,14741,1,4,,1,30,,14742,1,4,,1,70,,14743,1,4,,1,30,,14744,1,4,,1,70,,14745,1,4,,1,30,,14746,1,4,,1,70,,14747,1,4,,1,30,,14748,1,4,,1,70,,14749,1,4,,1,30,,14750,1,4,,1,70,,14751,1,4,,1,30,,14752,1,4,,1,100,,14753,1,4,,1,100,,14754,1,4,,1,200,,14755,1,4,,1,100,,14756,1,4,,1
171200001,'24572',42,,14757,1,4,,1,100,,14758,1,4,,1,90,,14759,1,4,,1,410,,14760,1,4,,1,100,,14761,1,4,,1,70,,14762,1,4,,1,30,,14763,1,4,,1,70,,14764,1,4,,1,30,,14765,1,4,,1,70,,14766,1,4,,1,30,,14767,1,4,,1,70,,14768,1,4,,1,45,,14769,1,4,,1,55,,14770,1,4,,1,30,,14771,1,4,,1,70,,14772,1,4,,1,30,,14773,1,4,,1,70,,14774,1,4,,1,30,,14775,1,4,,1,70,,14776,1,4,,1,30,,14777,1,4,,1,70,,14778,1,4,,1,30,,14779,1,4,,1,70,,14780,1,4,,1,30,,14781,1,4,,1,70,,14782,1,4,,1,30,,14783,1,4,,1,100,,14784,1,4,,1,100,,14785,1,4,,1,200,,14786,1,4,,1,100,,14787,1,4,,1
