905000,90500000,'14813',1,2
905000,90500000,'14814',3,4
905000,90500000,'14815',5,6
905000,90500000,'14816',7,8
905000,90500000,'14817',9,10
905000,90500000,'14818',11,12
905000,90500001,'14806',13,14
905000,90500001,'14807',15,16
905000,90500001,'14808',17,18
905000,90500001,'14809',19,20
905000,90500001,'14810',21,22
905000,90500001,'14811',23,24
922000,92200000,'23466',25,26
922000,92200000,'23467',27,28
922000,92200000,'23468',29,30
922000,92200000,'23469',31,32,33
922000,92200000,'23470',34,35,36
922000,92200000,'23471',37,38,39
922000,92200000,'23472',40,41,42,43
922000,92200000,'23473',44,45,46
922000,92200000,'23474',47,48,49
922000,92200000,'23475',50,51
922000,92200000,'23476',52
922000,92200000,'23480',53
922000,92200000,'23481',54
922000,92200000,'23482',55
922000,92200000,'23483',56,57
922000,92200000,'23484',58,59
922000,92200000,'23485',60,61
922000,92200000,'23486',62,63,64
922000,92200000,'23487',65,66,67
922000,92200000,'23488',68,69,70
922000,92200000,'23489',71,72,73,74
922000,92200000,'23490',75,76,77
922000,92200000,'23491',78,79
922000,92200000,'23492',80
922000,92200000,'23493',81
922000,92200000,'23494',82,83
922000,92200000,'23495',84,85
922000,92200000,'23496',86,87
922000,92200000,'23497',88,89
922000,92200000,'23498',90,91
922000,92200000,'23499',92,93,94
922000,92200000,'23500',95,96,97
922000,92200000,'23501',98,99
922000,92200000,'23502',100,101,102,103,104
922000,92200000,'23503',105,106,107
922000,92200000,'23504',108
922000,92200000,'23505',109
922000,92200000,'23509',110
922000,92200000,'23510',111
922000,92200000,'23511',112,113,114
922000,92200000,'23513',115,116
922000,92200000,'23514',117,118
922000,92200000,'23515',119,120
922000,92200000,'23516',121,122,123,124
922000,92200000,'23517',125,126,127,128
922000,92200000,'23518',129,130,131,132
922000,92200000,'23519',133,134
922000,92200000,'23520',135
922000,92200000,'23522',136
922000,92200000,'23523',137,138
922000,92200000,'23524',139,140
922000,92200000,'23525',141,142
922000,92200000,'23526',143,144
922000,92200000,'23527',145,146,147
922000,92200000,'23528',148,149,150
922000,92200000,'23529',151,152,153
922000,92200000,'23530',154,155,156,157
922000,92200000,'23531',158,159,160,161
922000,92200000,'23532',162,163
922000,92200000,'23533',164,165
922000,92200000,'23534',166
922000,92200000,'23538',167
922000,92200000,'23539',168,169
922000,92200000,'23540',170,171
922000,92200000,'23541',172,173
922000,92200000,'23542',174,175
922000,92200000,'23543',176,177,178
922000,92200000,'23544',179,180,181
922000,92200000,'23545',182,183,184,185
922000,92200000,'23546',186,187,188,189
922000,92200000,'23547',190,191,192
922000,92200000,'23548',193,194
922000,92200000,'23549',195
922000,92200000,'23551',196
922000,92200000,'23552',197,198
922000,92200000,'23553',199,200
922000,92200000,'23554',201,202
922000,92200000,'23555',203,204,205
922000,92200000,'23556',206,207,208
922000,92200000,'23557',209,210,211
922000,92200000,'23558',212,213,214
922000,92200000,'23559',215,216,217,218
922000,92200000,'23560',219,220,221,222
922000,92200000,'23561',223,224,225
922000,92200000,'23562',226,227
922000,92200000,'23563',228
922000,92200000,'23566',229
922000,92200000,'23567',230,231
922000,92200000,'23568',232,233
922000,92200000,'23569',234,235
922000,92200000,'23570',236,237,238
922000,92200000,'23571',239,240,241
922000,92200000,'23572',242,243,244
922000,92200000,'23573',245,246,247
922000,92200000,'23574',248,249,250
922000,92200000,'23575',251,252,253
922000,92200000,'23576',254,255,256,257
922000,92200000,'23577',258,259
922000,92200000,'23578',260
922000,92200000,'23579',261
922000,92200000,'23580',262,263
922000,92200000,'23581',264,265
922000,92200000,'23582',266,267
922000,92200000,'23583',268,269,270
922000,92200000,'23584',271,272,273
922000,92200000,'23585',274,275,276
922000,92200000,'23586',277,278,279
922000,92200000,'23587',280,281,282
922000,92200000,'23588',283,284,285
922000,92200000,'23589',286,287,288
922000,92200000,'23590',289,290,291
922000,92200000,'23591',292,293
922000,92200000,'23592',294,295
922000,92200000,'23593',296
922000,92200000,'23595',297
922000,92200000,'23596',298,299
922000,92200000,'23597',300,301,302
922000,92200000,'23598',303,304,305
922000,92200000,'23599',306,307,308
922000,92200000,'23600',309,310,311
922000,92200000,'23601',312,313,314
922000,92200000,'23602',315,316,317
922000,92200000,'23603',318,319,320
922000,92200000,'23604',321,322,323
922000,92200000,'23605',324,325,326
922000,92200000,'23606',327,328,329,330
922000,92200000,'23607',331,332,333
922000,92200000,'23608',334,335,336
922000,92200000,'23609',337,338
922000,92200000,'23610',339,340
922000,92200000,'23611',341,342,343
922000,92200000,'23612',344,345,346
922000,92200000,'23613',347,348,349
922000,92200000,'23614',350,351,352
922000,92200000,'23615',353,354,355
922000,92200000,'23616',356,357,358
922000,92200000,'23617',359,360,361
922000,92200000,'23618',362,363,364
922000,92200000,'23619',365,366,367
922000,92200000,'23620',368,369
922000,92200000,'23621',370,371
922000,92200000,'23622',372,373
922000,92200000,'23623',374,375
922000,92200000,'23624',376,377,378
922000,92200000,'23625',379,380
922000,92200000,'23626',381,382,383,384
922000,92200000,'23627',385,386,387
922000,92200000,'23628',388,389,390
922000,92200000,'23629',391,392,393
922000,92200000,'23630',394,395,396
922000,92200000,'23631',397,398,399
922000,92200000,'23632',400,401,402
922000,92200000,'23633',403,404,405
922000,92200000,'23634',406,407,408
922000,92200001,'23710',409,410
922000,92200001,'23711',411,412
922000,92200001,'23712',413,414
922000,92200001,'23713',415,416,417
922000,92200001,'23714',418,419,420
922000,92200001,'23715',421,422,423
922000,92200001,'23716',424,425,426,427
922000,92200001,'23717',428,429,430
922000,92200001,'23718',431,432,433
922000,92200001,'23719',434,435
922000,92200001,'23720',436
922000,92200001,'23724',437
922000,92200001,'23725',438
922000,92200001,'23726',439
922000,92200001,'23727',440,441
922000,92200001,'23728',442,443
922000,92200001,'23729',444,445
922000,92200001,'23730',446,447,448
922000,92200001,'23731',449,450,451
922000,92200001,'23732',452,453,454
922000,92200001,'23733',455,456,457,458
922000,92200001,'23734',459,460,461
922000,92200001,'23735',462,463
922000,92200001,'23736',464
922000,92200001,'23737',465
922000,92200001,'23738',466,467
922000,92200001,'23739',468,469
922000,92200001,'23740',470,471
922000,92200001,'23741',472,473
922000,92200001,'23742',474,475
922000,92200001,'23743',476,477,478
922000,92200001,'23744',479,480,481
922000,92200001,'23745',482,483,484
922000,92200001,'23746',485,486,487,488,489
922000,92200001,'23747',490,491,492
922000,92200001,'23748',493
922000,92200001,'23749',494
922000,92200001,'23753',495
922000,92200001,'23754',496
922000,92200001,'23755',497
922000,92200001,'23756',498,499
922000,92200001,'23757',500,501
922000,92200001,'23758',502,503
922000,92200001,'23759',504,505
922000,92200001,'23760',506,507,508,509
922000,92200001,'23761',510,511,512,513
922000,92200001,'23762',514,515,516,517
922000,92200001,'23763',518,519
922000,92200001,'23764',520
922000,92200001,'23766',521
922000,92200001,'23767',522,523
922000,92200001,'23768',524,525
922000,92200001,'23769',526,527
922000,92200001,'23770',528,529
922000,92200001,'23771',530,531,532
922000,92200001,'23772',533,534,535
922000,92200001,'23773',536,537,538
922000,92200001,'23774',539,540,541,542
922000,92200001,'23775',543,544,545,546
922000,92200001,'23776',547,548
922000,92200001,'23777',549,550
922000,92200001,'23778',551
922000,92200001,'23780',552
922000,92200001,'23782',553
922000,92200001,'23783',554,555
922000,92200001,'23784',556,557
922000,92200001,'23785',558,559
922000,92200001,'23786',560,561
922000,92200001,'23787',562,563,564
922000,92200001,'23788',565,566,567
922000,92200001,'23789',568,569,570,571,572
922000,92200001,'23790',573,574,575,576,577
922000,92200001,'23791',578,579,580
922000,92200001,'23792',581,582
922000,92200001,'23793',583
922000,92200001,'23795',584
922000,92200001,'23796',585,586
922000,92200001,'23797',587,588
922000,92200001,'23798',589,590
922000,92200001,'23799',591,592,593
922000,92200001,'23800',594,595,596
922000,92200001,'23801',597,598,599
922000,92200001,'23802',600,601,602
922000,92200001,'23803',603,604,605,606
922000,92200001,'23804',607,608,609,610
922000,92200001,'23805',611,612,613
922000,92200001,'23806',614,615
922000,92200001,'23807',616
922000,92200001,'23810',617
922000,92200001,'23811',618,619
922000,92200001,'23812',620,621
922000,92200001,'23813',622,623
922000,92200001,'23814',624,625,626
922000,92200001,'23815',627,628,629
922000,92200001,'23816',630,631,632
922000,92200001,'23817',633,634,635
922000,92200001,'23818',636,637,638
922000,92200001,'23819',639,640,641
922000,92200001,'23820',642,643,644,645
922000,92200001,'23821',646,647
922000,92200001,'23822',648
922000,92200001,'23823',649
922000,92200001,'23824',650,651,652
922000,92200001,'23825',653,654
922000,92200001,'23826',655,656
922000,92200001,'23827',657,658,659
922000,92200001,'23828',660,661,662
922000,92200001,'23829',663,664,665
922000,92200001,'23830',666,667,668
922000,92200001,'23831',669,670,671
922000,92200001,'23832',672,673,674
922000,92200001,'23833',675,676,677
922000,92200001,'23834',678,679,680
922000,92200001,'23835',681,682
922000,92200001,'23836',683,684
922000,92200001,'23837',685
922000,92200001,'23839',686
922000,92200001,'23840',687,688
922000,92200001,'23841',689,690,691
922000,92200001,'23842',692,693,694
922000,92200001,'23843',695,696,697
922000,92200001,'23844',698,699,700
922000,92200001,'23845',701,702,703
922000,92200001,'23846',704,705,706
922000,92200001,'23847',707,708,709
922000,92200001,'23848',710,711,712
922000,92200001,'23849',713,714,715
922000,92200001,'23850',716,717,718,719
922000,92200001,'23851',720,721,722
922000,92200001,'23852',723,724,725
922000,92200001,'23853',726,727
922000,92200001,'23854',728,729
922000,92200001,'23855',730,731,732
922000,92200001,'23856',733,734,735
922000,92200001,'23857',736,737,738
922000,92200001,'23858',739,740,741
922000,92200001,'23859',742,743,744
922000,92200001,'23860',745,746,747
922000,92200001,'23861',748,749,750
922000,92200001,'23862',751,752,753
922000,92200001,'23863',754,755,756
922000,92200001,'23864',757,758
922000,92200001,'23865',759,760
922000,92200001,'23866',761,762
922000,92200001,'23867',763,764
922000,92200001,'23868',765,766,767
922000,92200001,'23869',768,769
922000,92200001,'23870',770,771,772
922000,92200001,'23871',773,774,775
922000,92200001,'23872',776,777,778
922000,92200001,'23873',779,780,781
922000,92200001,'23874',782,783,784
922000,92200001,'23875',785,786,787
922000,92200001,'23876',788,789,790
922000,92200001,'23877',791,792,793
922000,92200001,'23878',794,795,796
1323700,132370000,'24134',797
1323700,132370000,'24135',798
1323700,132370000,'24136',799
1323700,132370000,'24137',800
1323700,132370000,'24138',801
1323700,132370000,'24139',802
1323700,132370000,'24140',803
1323700,132370000,'24148',804
1323700,132370000,'24149',805
1323700,132370000,'24150',806
1323700,132370000,'24151',807
1323700,132370000,'24152',808
1323700,132370000,'24153',809
1323700,132370000,'24154',810
1323700,132370000,'24193',811
1323700,132370000,'24195',812
1323700,132370000,'24197',813
1323700,132370000,'24198',814
1323700,132370000,'24206',815
1323700,132370000,'24207',816
1323700,132370000,'24208',817
1323700,132370000,'24209',818
1323700,132370000,'24210',819
1323700,132370000,'24211',820
1323700,132370000,'24223',821
1323700,132370000,'24225',822
1323700,132370000,'24226',823
1323700,132370000,'24234',824
1323700,132370000,'24235',825
1323700,132370000,'24236',826
1323700,132370000,'24238',827
1323700,132370000,'24239',828
1323700,132370000,'24436',829,830
1323700,132370000,'24438',831,832
1323700,132370000,'24442',833,834
1323700,132370000,'24446',835,836
1323700,132370000,'24512',837,838
1323700,132370001,'24127',839
1323700,132370001,'24128',840
1323700,132370001,'24129',841
1323700,132370001,'24130',842
1323700,132370001,'24131',843
1323700,132370001,'24132',844
1323700,132370001,'24133',845
1323700,132370001,'24141',846
1323700,132370001,'24142',847
1323700,132370001,'24143',848
1323700,132370001,'24144',849
1323700,132370001,'24145',850
1323700,132370001,'24146',851
1323700,132370001,'24147',852
1323700,132370001,'24186',853
1323700,132370001,'24188',854
1323700,132370001,'24190',855
1323700,132370001,'24191',856
1323700,132370001,'24199',857
1323700,132370001,'24200',858
1323700,132370001,'24201',859
1323700,132370001,'24202',860
1323700,132370001,'24203',861
1323700,132370001,'24204',862
1323700,132370001,'24216',863
1323700,132370001,'24218',864
1323700,132370001,'24219',865
1323700,132370001,'24227',866
1323700,132370001,'24228',867
1323700,132370001,'24229',868
1323700,132370001,'24231',869
1323700,132370001,'24232',870
1323700,132370001,'24434',871,872
1323700,132370001,'24437',873,874
1323700,132370001,'24441',875,876
1323700,132370001,'24445',877,878
1323700,132370001,'24510',879,880
1712000,171200000,'22734',881,882,883,884,885,886,887,888,889,890,891,892,893,894,895,896,897,898,899,900,901,902,903,904,905,906,907,908,909
1712000,171200000,'22735',910,911,912,913,914,915,916,917,918,919,920,921,922,923,924,925,926,927,928,929,930,931,932,933,934,935,936,937,938,939,940,941
1712000,171200000,'22736',942,943,944,945,946,947,948,949,950,951,952,953,954,955,956,957,958,959,960,961,962,963,964,965,966,967,968,969,970,971,972,973
1712000,171200000,'22737',974,975,976,977,978,979,980,981,982,983,984,985,986,987,988,989,990,991,992,993,994,995,996,997,998,999,1000,1001,1002,1003,1004,1005
1712000,171200000,'22738',1006,1007,1008,1009,1010,1011,1012,1013,1014,1015,1016,1017,1018,1019,1020,1021,1022,1023,1024,1025,1026,1027,1028,1029,1030,1031,1032,1033,1034,1035,1036,1037
1712000,171200000,'22739',1038,1039,1040,1041,1042,1043,1044,1045,1046,1047,1048,1049,1050,1051,1052,1053,1054,1055,1056,1057,1058,1059,1060,1061,1062,1063,1064,1065,1066,1067,1068,1069
1712000,171200000,'22740',1070,1071,1072,1073,1074,1075,1076,1077,1078,1079,1080,1081,1082,1083,1084,1085,1086,1087,1088,1089,1090,1091,1092,1093,1094,1095,1096,1097,1098,1099,1100,1101
1712000,171200000,'22748',1102,1103,1104,1105,1106,1107,1108,1109,1110,1111,1112,1113,1114,1115,1116,1117,1118,1119,1120,1121,1122,1123,1124,1125,1126,1127,1128,1129,1130
1712000,171200000,'22749',1131,1132,1133,1134,1135,1136,1137,1138,1139,1140,1141,1142,1143,1144,1145,1146,1147,1148,1149,1150,1151,1152,1153,1154,1155,1156,1157,1158,1159,1160,1161,1162
1712000,171200000,'22750',1163,1164,1165,1166,1167,1168,1169,1170,1171,1172,1173,1174,1175,1176,1177,1178,1179,1180,1181,1182,1183,1184,1185,1186,1187,1188,1189,1190,1191,1192,1193,1194
1712000,171200000,'22751',1195,1196,1197,1198,1199,1200,1201,1202,1203,1204,1205,1206,1207,1208,1209,1210,1211,1212,1213,1214,1215,1216,1217,1218,1219,1220,1221,1222,1223,1224,1225,1226
1712000,171200000,'22752',1227,1228,1229,1230,1231,1232,1233,1234,1235,1236,1237,1238,1239,1240,1241,1242,1243,1244,1245,1246,1247,1248,1249,1250,1251,1252,1253,1254,1255,1256,1257,1258
1712000,171200000,'22753',1259,1260,1261,1262,1263,1264,1265,1266,1267,1268,1269,1270,1271,1272,1273,1274,1275,1276,1277,1278,1279,1280,1281,1282,1283,1284,1285,1286,1287,1288,1289,1290
1712000,171200000,'22754',1291,1292,1293,1294,1295,1296,1297,1298,1299,1300,1301,1302,1303,1304,1305,1306,1307,1308,1309,1310,1311,1312,1313,1314,1315,1316,1317,1318,1319,1320,1321,1322
1712000,171200000,'22766',1323,1324,1325,1326,1327,1328,1329,1330,1331,1332,1333,1334,1335,1336,1337,1338,1339,1340,1341,1342,1343,1344,1345,1346,1347,1348,1349,1350,1351,1352,1353
1712000,171200000,'22768',1354,1355,1356,1357,1358,1359,1360,1361,1362,1363,1364,1365,1366,1367,1368,1369,1370,1371,1372,1373,1374,1375,1376,1377,1378,1379,1380,1381,1382,1383,1384
1712000,171200000,'22770',1385,1386,1387,1388,1389,1390,1391,1392,1393,1394,1395,1396,1397,1398,1399,1400,1401,1402,1403,1404,1405,1406,1407,1408,1409,1410,1411,1412,1413,1414,1415
1712000,171200000,'22772',1416,1417,1418,1419,1420,1421,1422,1423,1424,1425,1426,1427,1428,1429,1430,1431,1432,1433,1434,1435,1436,1437,1438,1439,1440,1441,1442,1443,1444,1445,1446
1712000,171200000,'22774',1447,1448,1449,1450,1451,1452,1453,1454,1455,1456,1457,1458,1459,1460,1461,1462,1463,1464,1465,1466,1467,1468,1469,1470,1471,1472,1473,1474,1475,1476,1477
1712000,171200000,'22776',1478,1479,1480,1481,1482,1483,1484,1485,1486,1487,1488,1489,1490,1491,1492,1493,1494,1495,1496,1497,1498,1499,1500,1501,1502,1503,1504,1505,1506,1507,1508
1712000,171200000,'22778',1509,1510,1511,1512,1513,1514,1515,1516,1517,1518,1519,1520,1521,1522,1523,1524,1525,1526,1527,1528,1529,1530,1531,1532,1533,1534,1535,1536,1537,1538,1539
1712000,171200000,'22780',1540,1541,1542,1543,1544,1545,1546,1547,1548,1549,1550,1551,1552,1553,1554,1555,1556,1557,1558,1559,1560,1561,1562,1563,1564,1565,1566,1567,1568,1569,1570
1712000,171200000,'22782',1571,1572,1573,1574,1575,1576,1577,1578,1579,1580,1581,1582,1583,1584,1585,1586,1587,1588,1589,1590,1591,1592,1593,1594,1595,1596,1597,1598,1599,1600,1601
1712000,171200000,'22784',1602,1603,1604,1605,1606,1607,1608,1609,1610,1611,1612,1613,1614,1615,1616,1617,1618,1619,1620,1621,1622,1623,1624,1625,1626,1627,1628,1629,1630,1631,1632
1712000,171200000,'22786',1633,1634,1635,1636,1637,1638,1639,1640,1641,1642,1643,1644,1645,1646,1647,1648,1649,1650,1651,1652,1653,1654,1655,1656,1657,1658,1659,1660,1661,1662,1663
1712000,171200000,'22788',1664,1665,1666,1667,1668,1669,1670,1671,1672,1673,1674,1675,1676,1677,1678,1679,1680,1681,1682,1683,1684,1685,1686,1687,1688,1689,1690,1691,1692,1693,1694
1712000,171200000,'22790',1695,1696,1697,1698,1699,1700,1701,1702,1703,1704,1705,1706,1707,1708,1709,1710,1711,1712,1713,1714,1715,1716,1717,1718,1719,1720,1721,1722,1723,1724,1725
1712000,171200000,'22792',1726,1727,1728,1729,1730,1731,1732,1733,1734,1735,1736,1737,1738,1739,1740,1741,1742,1743,1744,1745,1746,1747,1748,1749,1750,1751,1752,1753,1754,1755,1756
1712000,171200000,'22794',1757,1758,1759,1760,1761,1762,1763,1764,1765,1766,1767,1768,1769,1770,1771,1772,1773,1774,1775,1776,1777,1778,1779,1780,1781,1782,1783,1784,1785,1786,1787
1712000,171200001,'22727',1788,1789,1790,1791,1792,1793,1794,1795,1796,1797,1798,1799,1800,1801,1802,1803,1804,1805,1806,1807,1808,1809,1810,1811,1812,1813,1814,1815,1816
1712000,171200001,'22728',1817,1818,1819,1820,1821,1822,1823,1824,1825,1826,1827,1828,1829,1830,1831,1832,1833,1834,1835,1836,1837,1838,1839,1840,1841,1842,1843,1844,1845,1846,1847,1848,1849
1712000,171200001,'22729',1850,1851,1852,1853,1854,1855,1856,1857,1858,1859,1860,1861,1862,1863,1864,1865,1866,1867,1868,1869,1870,1871,1872,1873,1874,1875,1876,1877,1878,1879,1880,1881,1882
1712000,171200001,'22730',1883,1884,1885,1886,1887,1888,1889,1890,1891,1892,1893,1894,1895,1896,1897,1898,1899,1900,1901,1902,1903,1904,1905,1906,1907,1908,1909,1910,1911,1912,1913,1914,1915
1712000,171200001,'22731',1916,1917,1918,1919,1920,1921,1922,1923,1924,1925,1926,1927,1928,1929,1930,1931,1932,1933,1934,1935,1936,1937,1938,1939,1940,1941,1942,1943,1944,1945,1946,1947,1948
1712000,171200001,'22732',1949,1950,1951,1952,1953,1954,1955,1956,1957,1958,1959,1960,1961,1962,1963,1964,1965,1966,1967,1968,1969,1970,1971,1972,1973,1974,1975,1976,1977,1978,1979,1980,1981
1712000,171200001,'22733',1982,1983,1984,1985,1986,1987,1988,1989,1990,1991,1992,1993,1994,1995,1996,1997,1998,1999,2000,2001,2002,2003,2004,2005,2006,2007,2008,2009,2010,2011,2012,2013
1712000,171200001,'22741',2014,2015,2016,2017,2018,2019,2020,2021,2022,2023,2024,2025,2026,2027,2028,2029,2030,2031,2032,2033,2034,2035,2036,2037,2038,2039,2040,2041,2042
1712000,171200001,'22742',2043,2044,2045,2046,2047,2048,2049,2050,2051,2052,2053,2054,2055,2056,2057,2058,2059,2060,2061,2062,2063,2064,2065,2066,2067,2068,2069,2070,2071,2072,2073,2074,2075
1712000,171200001,'22743',2076,2077,2078,2079,2080,2081,2082,2083,2084,2085,2086,2087,2088,2089,2090,2091,2092,2093,2094,2095,2096,2097,2098,2099,2100,2101,2102,2103,2104,2105,2106,2107,2108
1712000,171200001,'22744',2109,2110,2111,2112,2113,2114,2115,2116,2117,2118,2119,2120,2121,2122,2123,2124,2125,2126,2127,2128,2129,2130,2131,2132,2133,2134,2135,2136,2137,2138,2139,2140,2141
1712000,171200001,'22745',2142,2143,2144,2145,2146,2147,2148,2149,2150,2151,2152,2153,2154,2155,2156,2157,2158,2159,2160,2161,2162,2163,2164,2165,2166,2167,2168,2169,2170,2171,2172,2173,2174
1712000,171200001,'22746',2175,2176,2177,2178,2179,2180,2181,2182,2183,2184,2185,2186,2187,2188,2189,2190,2191,2192,2193,2194,2195,2196,2197,2198,2199,2200,2201,2202,2203,2204,2205,2206,2207
1712000,171200001,'22747',2208,2209,2210,2211,2212,2213,2214,2215,2216,2217,2218,2219,2220,2221,2222,2223,2224,2225,2226,2227,2228,2229,2230,2231,2232,2233,2234,2235,2236,2237,2238,2239,2240
1712000,171200001,'22765',2241,2242,2243,2244,2245,2246,2247,2248,2249,2250,2251,2252,2253,2254,2255,2256,2257,2258,2259,2260,2261,2262,2263,2264,2265,2266,2267,2268,2269,2270,2271,2272
1712000,171200001,'22767',2273,2274,2275,2276,2277,2278,2279,2280,2281,2282,2283,2284,2285,2286,2287,2288,2289,2290,2291,2292,2293,2294,2295,2296,2297,2298,2299,2300,2301,2302,2303,2304
1712000,171200001,'22769',2305,2306,2307,2308,2309,2310,2311,2312,2313,2314,2315,2316,2317,2318,2319,2320,2321,2322,2323,2324,2325,2326,2327,2328,2329,2330,2331,2332,2333,2334,2335,2336
1712000,171200001,'22771',2337,2338,2339,2340,2341,2342,2343,2344,2345,2346,2347,2348,2349,2350,2351,2352,2353,2354,2355,2356,2357,2358,2359,2360,2361,2362,2363,2364,2365,2366,2367,2368
1712000,171200001,'22773',2369,2370,2371,2372,2373,2374,2375,2376,2377,2378,2379,2380,2381,2382,2383,2384,2385,2386,2387,2388,2389,2390,2391,2392,2393,2394,2395,2396,2397,2398,2399,2400
1712000,171200001,'22775',2401,2402,2403,2404,2405,2406,2407,2408,2409,2410,2411,2412,2413,2414,2415,2416,2417,2418,2419,2420,2421,2422,2423,2424,2425,2426,2427,2428,2429,2430,2431,2432
1712000,171200001,'22777',2433,2434,2435,2436,2437,2438,2439,2440,2441,2442,2443,2444,2445,2446,2447,2448,2449,2450,2451,2452,2453,2454,2455,2456,2457,2458,2459,2460,2461,2462,2463,2464
1712000,171200001,'22779',2465,2466,2467,2468,2469,2470,2471,2472,2473,2474,2475,2476,2477,2478,2479,2480,2481,2482,2483,2484,2485,2486,2487,2488,2489,2490,2491,2492,2493,2494,2495,2496
1712000,171200001,'22781',2497,2498,2499,2500,2501,2502,2503,2504,2505,2506,2507,2508,2509,2510,2511,2512,2513,2514,2515,2516,2517,2518,2519,2520,2521,2522,2523,2524,2525,2526,2527,2528
1712000,171200001,'22783',2529,2530,2531,2532,2533,2534,2535,2536,2537,2538,2539,2540,2541,2542,2543,2544,2545,2546,2547,2548,2549,2550,2551,2552,2553,2554,2555,2556,2557,2558,2559,2560
1712000,171200001,'22785',2561,2562,2563,2564,2565,2566,2567,2568,2569,2570,2571,2572,2573,2574,2575,2576,2577,2578,2579,2580,2581,2582,2583,2584,2585,2586,2587,2588,2589,2590,2591,2592
1712000,171200001,'22787',2593,2594,2595,2596,2597,2598,2599,2600,2601,2602,2603,2604,2605,2606,2607,2608,2609,2610,2611,2612,2613,2614,2615,2616,2617,2618,2619,2620,2621,2622,2623,2624
1712000,171200001,'22789',2625,2626,2627,2628,2629,2630,2631,2632,2633,2634,2635,2636,2637,2638,2639,2640,2641,2642,2643,2644,2645,2646,2647,2648,2649,2650,2651,2652,2653,2654,2655,2656
1712000,171200001,'22791',2657,2658,2659,2660,2661,2662,2663,2664,2665,2666,2667,2668,2669,2670,2671,2672,2673,2674,2675,2676,2677,2678,2679,2680,2681,2682,2683,2684,2685,2686,2687,2688
1712000,171200001,'22793',2689,2690,2691,2692,2693,2694,2695,2696,2697,2698,2699,2700,2701,2702,2703,2704,2705,2706,2707,2708,2709,2710,2711,2712,2713,2714,2715,2716,2717,2718,2719,2720
1712000,171200001,'24520',2721,2722,2723,2724,2725,2726,2727,2728,2729,2730,2731,2732,2733,2734,2735,2736,2737,2738,2739,2740,2741,2742,2743,2744,2745,2746,2747,2748,2749,2750,2751,2752
8080300,808030000,'24026',2753,2754,2755,2756
8080300,808030000,'24027',2757,2758,2759,2760,2761,2762
8080300,808030000,'24028',2763,2764,2765,2766,2767,2768
8080300,808030000,'24029',2769,2770,2771,2772,2773,2774
8080300,808030000,'24030',2775,2776,2777,2778,2779,2780,2781
8080300,808030000,'24031',2782,2783,2784,2785,2786,2787
8080300,808030000,'24032',2788,2789,2790,2791,2792
8080300,808030000,'24040',2793,2794,2795
8080300,808030000,'24041',2796,2797,2798,2799
8080300,808030000,'24042',2800,2801,2802,2803
8080300,808030000,'24043',2804,2805,2806,2807
8080300,808030000,'24044',2808,2809,2810,2811,2812
8080300,808030000,'24045',2813,2814,2815,2816
8080300,808030000,'24046',2817,2818,2819,2820
8080300,808030001,'24019',2821,2822,2823,2824
8080300,808030001,'24020',2825,2826,2827,2828,2829,2830
8080300,808030001,'24021',2831,2832,2833,2834,2835,2836
8080300,808030001,'24022',2837,2838,2839,2840,2841,2842
8080300,808030001,'24023',2843,2844,2845,2846,2847,2848,2849
8080300,808030001,'24024',2850,2851,2852,2853,2854,2855
8080300,808030001,'24025',2856,2857,2858,2859,2860
8080300,808030001,'24033',2861,2862,2863
8080300,808030001,'24034',2864,2865,2866,2867
8080300,808030001,'24035',2868,2869,2870,2871
8080300,808030001,'24036',2872,2873,2874,2875
8080300,808030001,'24037',2876,2877,2878,2879,2880
8080300,808030001,'24038',2881,2882,2883,2884
8080300,808030001,'24039',2885,2886,2887,2888
9010300,901030000,'23970',2889,2890,2891,2892,2893,2894,2895,2896,2897,2898,2899,2900,2901,2902,2903,2904
9010300,901030000,'23971',2905,2906,2907,2908,2909,2910,2911,2912,2913,2914,2915,2916,2917,2918,2919,2920,2921
9010300,901030000,'23972',2922,2923,2924,2925,2926,2927,2928,2929,2930,2931,2932,2933,2934,2935,2936,2937,2938
9010300,901030000,'23973',2939,2940,2941,2942,2943,2944,2945,2946,2947,2948,2949,2950,2951,2952,2953,2954,2955
9010300,901030000,'23974',2956,2957,2958,2959,2960,2961,2962,2963,2964,2965,2966,2967,2968,2969,2970,2971,2972
9010300,901030000,'23975',2973,2974,2975,2976,2977,2978,2979,2980,2981,2982,2983,2984,2985,2986,2987,2988,2989
9010300,901030000,'23976',2990,2991,2992,2993,2994,2995,2996,2997,2998,2999,3000,3001,3002,3003,3004,3005
9010300,901030000,'23984',3006,3007,3008,3009,3010,3011,3012,3013,3014,3015,3016
9010300,901030000,'23985',3017,3018,3019,3020,3021,3022,3023,3024,3025,3026,3027,3028
9010300,901030000,'23986',3029,3030,3031,3032,3033,3034,3035,3036,3037,3038,3039,3040
9010300,901030000,'23987',3041,3042,3043,3044,3045,3046,3047,3048,3049,3050,3051,3052
9010300,901030000,'23988',3053,3054,3055,3056,3057,3058,3059,3060,3061,3062,3063,3064
9010300,901030000,'23989',3065,3066,3067,3068,3069,3070,3071,3072,3073,3074,3075,3076
9010300,901030000,'23990',3077,3078,3079,3080,3081,3082,3083,3084,3085,3086,3087
9010300,901030000,'24012',3088,3089,3090,3091,3092,3093,3094,3095,3096,3097,3098,3099,3100,3101,3102,3103
9010300,901030000,'24013',3104,3105,3106,3107,3108,3109,3110,3111,3112,3113,3114,3115,3116,3117,3118,3119,3120
9010300,901030000,'24014',3121,3122,3123,3124,3125,3126,3127,3128,3129,3130,3131,3132,3133,3134,3135,3136,3137
9010300,901030000,'24015',3138,3139,3140,3141,3142,3143,3144,3145,3146,3147,3148,3149,3150,3151,3152,3153,3154
9010300,901030000,'24016',3155,3156,3157,3158,3159,3160,3161,3162,3163,3164,3165,3166,3167,3168,3169,3170,3171
9010300,901030000,'24017',3172,3173,3174,3175,3176,3177,3178,3179,3180,3181,3182,3183,3184,3185,3186,3187,3188
9010300,901030000,'24018',3189,3190,3191,3192,3193,3194,3195,3196,3197,3198,3199,3200,3201,3202,3203,3204
9010300,901030000,'24476',3205,3206,3207,3208,3209,3210,3211,3212,3213,3214,3215,3216,3217,3218,3219,3220,3221,3222,3223,3224,3225,3226,3227,3228,3229,3230
9010300,901030000,'24477',3231,3232,3233,3234,3235,3236,3237,3238,3239,3240,3241,3242,3243,3244,3245,3246,3247,3248,3249,3250,3251,3252,3253,3254,3255,3256
9010300,901030000,'24478',3257,3258,3259,3260,3261,3262,3263,3264,3265,3266,3267,3268,3269,3270,3271,3272,3273,3274,3275,3276,3277,3278,3279,3280,3281,3282
9010300,901030000,'24479',3283,3284,3285,3286,3287,3288,3289,3290,3291,3292,3293,3294,3295,3296,3297,3298,3299,3300,3301,3302,3303,3304,3305,3306,3307,3308
9010300,901030000,'24480',3309,3310,3311,3312,3313,3314,3315,3316,3317,3318,3319,3320,3321,3322,3323,3324,3325,3326,3327,3328,3329,3330,3331,3332,3333,3334
9010300,901030000,'24481',3335,3336,3337,3338,3339,3340,3341,3342,3343,3344,3345,3346,3347,3348,3349,3350,3351,3352,3353,3354,3355,3356,3357,3358,3359,3360
9010300,901030000,'24482',3361,3362,3363,3364,3365,3366,3367,3368,3369,3370,3371,3372,3373,3374,3375,3376,3377,3378,3379,3380,3381,3382,3383,3384,3385,3386
9010300,901030000,'24491',3387,3388,3389,3390,3391,3392,3393,3394,3395,3396,3397,3398,3399,3400,3401,3402,3403
9010300,901030000,'24492',3404,3405,3406,3407,3408,3409,3410,3411,3412,3413,3414,3415,3416,3417,3418,3419,3420
9010300,901030000,'24493',3421,3422,3423,3424,3425,3426,3427,3428,3429,3430,3431,3432,3433,3434,3435,3436,3437
9010300,901030000,'24494',3438,3439,3440,3441,3442,3443,3444,3445,3446,3447,3448,3449,3450,3451,3452,3453,3454
9010300,901030001,'23963',3455,3456,3457,3458,3459,3460,3461,3462,3463,3464,3465,3466,3467,3468,3469,3470
9010300,901030001,'23964',3471,3472,3473,3474,3475,3476,3477,3478,3479,3480,3481,3482,3483,3484,3485,3486,3487
9010300,901030001,'23965',3488,3489,3490,3491,3492,3493,3494,3495,3496,3497,3498,3499,3500,3501,3502,3503,3504
9010300,901030001,'23966',3505,3506,3507,3508,3509,3510,3511,3512,3513,3514,3515,3516,3517,3518,3519,3520,3521
9010300,901030001,'23967',3522,3523,3524,3525,3526,3527,3528,3529,3530,3531,3532,3533,3534,3535,3536,3537,3538
9010300,901030001,'23968',3539,3540,3541,3542,3543,3544,3545,3546,3547,3548,3549,3550,3551,3552,3553,3554,3555
9010300,901030001,'23969',3556,3557,3558,3559,3560,3561,3562,3563,3564,3565,3566,3567,3568,3569,3570,3571
9010300,901030001,'23977',3572,3573,3574,3575,3576,3577,3578,3579,3580,3581,3582
9010300,901030001,'23978',3583,3584,3585,3586,3587,3588,3589,3590,3591,3592,3593,3594
9010300,901030001,'23979',3595,3596,3597,3598,3599,3600,3601,3602,3603,3604,3605,3606
9010300,901030001,'23980',3607,3608,3609,3610,3611,3612,3613,3614,3615,3616,3617,3618
9010300,901030001,'23981',3619,3620,3621,3622,3623,3624,3625,3626,3627,3628,3629,3630
9010300,901030001,'23982',3631,3632,3633,3634,3635,3636,3637,3638,3639,3640,3641,3642
9010300,901030001,'23983',3643,3644,3645,3646,3647,3648,3649,3650,3651,3652,3653
9010300,901030001,'24005',3654,3655,3656,3657,3658,3659,3660,3661,3662,3663,3664,3665,3666,3667,3668,3669
9010300,901030001,'24006',3670,3671,3672,3673,3674,3675,3676,3677,3678,3679,3680,3681,3682,3683,3684,3685,3686
9010300,901030001,'24007',3687,3688,3689,3690,3691,3692,3693,3694,3695,3696,3697,3698,3699,3700,3701,3702,3703
9010300,901030001,'24008',3704,3705,3706,3707,3708,3709,3710,3711,3712,3713,3714,3715,3716,3717,3718,3719,3720
9010300,901030001,'24009',3721,3722,3723,3724,3725,3726,3727,3728,3729,3730,3731,3732,3733,3734,3735,3736,3737
9010300,901030001,'24010',3738,3739,3740,3741,3742,3743,3744,3745,3746,3747,3748,3749,3750,3751,3752,3753,3754
9010300,901030001,'24011',3755,3756,3757,3758,3759,3760,3761,3762,3763,3764,3765,3766,3767,3768,3769,3770
9010300,901030001,'24469',3771,3772,3773,3774,3775,3776,3777,3778,3779,3780,3781,3782,3783,3784,3785,3786,3787,3788,3789,3790,3791,3792,3793,3794,3795,3796
9010300,901030001,'24470',3797,3798,3799,3800,3801,3802,3803,3804,3805,3806,3807,3808,3809,3810,3811,3812,3813,3814,3815,3816,3817,3818,3819,3820,3821,3822
9010300,901030001,'24471',3823,3824,3825,3826,3827,3828,3829,3830,3831,3832,3833,3834,3835,3836,3837,3838,3839,3840,3841,3842,3843,3844,3845,3846,3847,3848
9010300,901030001,'24472',3849,3850,3851,3852,3853,3854,3855,3856,3857,3858,3859,3860,3861,3862,3863,3864,3865,3866,3867,3868,3869,3870,3871,3872,3873,3874
9010300,901030001,'24473',3875,3876,3877,3878,3879,3880,3881,3882,3883,3884,3885,3886,3887,3888,3889,3890,3891,3892,3893,3894,3895,3896,3897,3898,3899,3900
9010300,901030001,'24474',3901,3902,3903,3904,3905,3906,3907,3908,3909,3910,3911,3912,3913,3914,3915,3916,3917,3918,3919,3920,3921,3922,3923,3924,3925,3926
9010300,901030001,'24475',3927,3928,3929,3930,3931,3932,3933,3934,3935,3936,3937,3938,3939,3940,3941,3942,3943,3944,3945,3946,3947,3948,3949,3950,3951,3952
9010300,901030001,'24484',3953,3954,3955,3956,3957,3958,3959,3960,3961,3962,3963,3964,3965,3966,3967,3968,3969
9010300,901030001,'24485',3970,3971,3972,3973,3974,3975,3976,3977,3978,3979,3980,3981,3982,3983,3984,3985,3986
9010300,901030001,'24486',3987,3988,3989,3990,3991,3992,3993,3994,3995,3996,3997,3998,3999,4000,4001,4002,4003
9010300,901030001,'24487',4004,4005,4006,4007,4008,4009,4010,4011,4012,4013,4014,4015,4016,4017,4018,4019,4020
9010700,901070000,'22884',4021,4022
9010700,901070000,'22885',4023,4024
9010700,901070000,'22886',4025,4026,4027
9010700,901070000,'22887',4028,4029
9010700,901070000,'22888',4030,4031,4032,4033
9010700,901070000,'22889',4034,4035,4036
9010700,901070000,'22890',4037,4038,4039,4040
9010700,901070000,'22891',4041
9010700,901070000,'22892',4042
9010700,901070000,'22893',4043,4044
9010700,901070000,'22894',4045
9010700,901070000,'22895',4046,4047
9010700,901070000,'22896',4048,4049
9010700,901070000,'22897',4050,4051,4052
9010700,901070000,'22898',4053,4054
9010700,901070000,'22899',4055,4056
9010700,901070000,'22900',4057,4058,4059,4060
9010700,901070000,'22901',4061,4062,4063
9010700,901070000,'22902',4064,4065,4066,4067
9010700,901070000,'22903',4068,4069,4070
9010700,901070000,'22904',4071,4072,4073,4074,4075
9010700,901070000,'22905',4076,4077
9010700,901070000,'22906',4078,4079
9010700,901070000,'22907',4080,4081
9010700,901070000,'22908',4082,4083
9010700,901070000,'22909',4084,4085,4086
9010700,901070000,'22910',4087,4088
9010700,901070000,'22911',4089,4090
9010700,901070000,'22912',4091,4092
9010700,901070000,'22913',4093,4094
9010700,901070000,'22914',4095,4096,4097
9010700,901070000,'22915',4098,4099,4100
9010700,901070000,'22916',4101,4102,4103,4104
9010700,901070000,'22917',4105,4106,4107,4108
9010700,901070000,'22918',4109,4110,4111,4112,4113
9010700,901070000,'22919',4114,4115
9010700,901070000,'22920',4116,4117
9010700,901070000,'22921',4118,4119
9010700,901070000,'22922',4120
9010700,901070000,'22923',4121
9010700,901070000,'22924',4122
9010700,901070000,'22925',4123,4124
9010700,901070000,'22926',4125,4126,4127
9010700,901070000,'22927',4128,4129,4130
9010700,901070000,'22928',4131,4132
9010700,901070000,'22929',4133,4134,4135
9010700,901070000,'22930',4136,4137,4138,4139
9010700,901070000,'22931',4140,4141,4142,4143
9010700,901070000,'22932',4144,4145,4146,4147,4148
9010700,901070000,'22933',4149,4150,4151,4152
9010700,901070000,'22934',4153,4154,4155,4156
9010700,901070000,'22935',4157,4158
9010700,901070000,'22936',4159,4160
9010700,901070000,'22937',4161,4162,4163
9010700,901070000,'22938',4164,4165
9010700,901070000,'22939',4166,4167
9010700,901070000,'22940',4168
9010700,901070000,'22941',4169,4170
9010700,901070000,'22942',4171,4172
9010700,901070000,'22943',4173,4174,4175
9010700,901070000,'22944',4176,4177,4178,4179
9010700,901070000,'22945',4180,4181,4182,4183
9010700,901070000,'22946',4184,4185,4186,4187,4188
9010700,901070000,'22947',4189,4190,4191
9010700,901070000,'22948',4192,4193
9010700,901070000,'22949',4194,4195
9010700,901070000,'22950',4196,4197,4198
9010700,901070000,'22951',4199,4200
9010700,901070000,'22952',4201
9010700,901070000,'22953',4202
9010700,901070000,'22954',4203
9010700,901070000,'22955',4204,4205
9010700,901070000,'22956',4206,4207
9010700,901070000,'22957',4208,4209,4210,4211
9010700,901070000,'22958',4212,4213,4214,4215,4216
9010700,901070000,'22959',4217,4218,4219
9010700,901070000,'22960',4220,4221,4222,4223,4224
9010700,901070000,'22961',4225,4226
9010700,901070000,'22962',4227,4228,4229
9010700,901070000,'22963',4230,4231
9010700,901070000,'22964',4232,4233
9010700,901070000,'22965',4234,4235,4236,4237
9010700,901070000,'22966',4238,4239,4240
9010700,901070000,'22967',4241,4242,4243
9010700,901070000,'22968',4244,4245
9010700,901070000,'22969',4246
9010700,901070000,'22970',4247,4248
9010700,901070000,'22971',4249,4250
9010700,901070000,'22972',4251,4252,4253,4254
9010700,901070000,'22973',4255,4256,4257
9010700,901070000,'22974',4258,4259,4260,4261
9010700,901070000,'22975',4262,4263,4264
9010700,901070000,'22976',4265,4266
9010700,901070000,'22977',4267,4268
9010700,901070000,'22978',4269,4270
9010700,901070000,'22979',4271,4272,4273
9010700,901070000,'22980',4274,4275
9010700,901070000,'22981',4276
9010700,901070000,'22982',4277
9010700,901070000,'22983',4278
9010700,901070000,'22984',4279
9010700,901070000,'22985',4280,4281
9010700,901070000,'22986',4282,4283,4284
9010700,901070000,'22987',4285,4286
9010700,901070000,'22988',4287,4288,4289,4290
9010700,901070000,'22989',4291,4292,4293
9010700,901070000,'22990',4294,4295
9010700,901070000,'22991',4296,4297
9010700,901070000,'22992',4298,4299
9010700,901070000,'22993',4300,4301,4302
9010700,901070000,'22994',4303,4304,4305
9010700,901070000,'22995',4306,4307,4308
9010700,901070000,'22996',4309
9010700,901070000,'22997',4310
9010700,901070000,'22998',4311
9010700,901070000,'22999',4312,4313
9010700,901070000,'23000',4314,4315,4316
9010700,901070000,'23001',4317,4318,4319
9010700,901070000,'23002',4320,4321,4322,4323
9010700,901070000,'23003',4324,4325,4326,4327
9010700,901070000,'23004',4328,4329
9010700,901070000,'23005',4330,4331
9010700,901070000,'23006',4332,4333
9010700,901070000,'23007',4334,4335,4336,4337
9010700,901070000,'23008',4338,4339,4340
9010700,901070000,'23009',4341,4342
9010700,901070000,'23010',4343
9010700,901070000,'23011',4344
9010700,901070000,'23012',4345,4346
9010700,901070000,'23013',4347
9010700,901070000,'23014',4348,4349,4350
9010700,901070000,'23015',4351,4352
9010700,901070000,'23016',4353,4354,4355,4356
9010700,901070000,'23017',4357,4358
9010700,901070000,'23018',4359,4360,4361,4362
9010700,901070000,'23019',4363,4364
9010700,901070000,'23020',4365,4366
9010700,901070000,'23021',4367,4368,4369
9010700,901070000,'23022',4370,4371,4372
9010700,901070000,'23023',4373,4374,4375,4376
9010700,901070000,'23024',4377,4378
9010700,901070000,'23025',4379
9010700,901070000,'23026',4380
9010700,901070000,'23027',4381
9010700,901070000,'23028',4382
9010700,901070000,'23029',4383,4384
9010700,901070000,'23030',4385,4386
9010700,901070000,'23031',4387
9010700,901070000,'23032',4388,4389
9010700,901070000,'23033',4390,4391
9010700,901070000,'23034',4392,4393
9010700,901070000,'23035',4394,4395,4396
9010700,901070000,'23036',4397,4398,4399
9010700,901070000,'23037',4400,4401,4402,4403
9010700,901070000,'23038',4404,4405,4406
9010700,901070000,'23039',4407,4408,4409
9010700,901070000,'23040',4410,4411
9010700,901070000,'23041',4412
9010700,901070000,'23042',4413
9010700,901070000,'23043',4414,4415
9010700,901070000,'23044',4416,4417
9010700,901070000,'23045',4418
9010700,901070000,'23046',4419
9010700,901070000,'23047',4420,4421
9010700,901070000,'23048',4422,4423
9010700,901070000,'23049',4424,4425,4426,4427
9010700,901070000,'23050',4428,4429,4430
9010700,901070000,'23051',4431,4432,4433,4434
9010700,901070000,'23052',4435,4436
9010700,901070000,'23053',4437,4438
9010700,901070000,'23054',4439
9010700,901070000,'23055',4440
9010700,901070000,'23056',4441
9010700,901070000,'23057',4442,4443
9010700,901070000,'23058',4444,4445
9010700,901070000,'23059',4446
9010700,901070000,'23060',4447
9010700,901070000,'23061',4448,4449
9010700,901070000,'23062',4450,4451
9010700,901070000,'23063',4452,4453
9010700,901070000,'23064',4454,4455
9010700,901070000,'23065',4456,4457
9010700,901070000,'23066',4458,4459,4460
9010700,901070000,'23067',4461,4462,4463
9010700,901070000,'23068',4464,4465,4466
9010700,901070000,'23069',4467,4468,4469
9010700,901070000,'23070',4470
9010700,901070000,'23071',4471,4472
9010700,901070000,'23072',4473,4474
9010700,901070000,'23073',4475
9010700,901070000,'23074',4476
9010700,901070000,'23075',4477
9010700,901070000,'23076',4478
9010700,901070000,'23077',4479,4480
9010700,901070000,'23078',4481,4482
9010700,901070000,'23079',4483,4484
9010700,901070000,'23080',4485,4486
9010700,901070000,'23081',4487,4488
9010700,901070000,'23082',4489,4490
9010700,901070000,'23083',4491,4492
9010700,901070001,'23159',4493,4494
9010700,901070001,'23160',4495,4496
9010700,901070001,'23161',4497,4498,4499
9010700,901070001,'23162',4500,4501,4502
9010700,901070001,'23163',4503,4504,4505,4506
9010700,901070001,'23164',4507,4508,4509
9010700,901070001,'23165',4510,4511,4512,4513
9010700,901070001,'23166',4514
9010700,901070001,'23167',4515
9010700,901070001,'23168',4516,4517
9010700,901070001,'23169',4518
9010700,901070001,'23170',4519,4520
9010700,901070001,'23171',4521,4522
9010700,901070001,'23172',4523,4524,4525
9010700,901070001,'23173',4526,4527
9010700,901070001,'23174',4528,4529
9010700,901070001,'23175',4530,4531,4532,4533
9010700,901070001,'23176',4534,4535,4536,4537
9010700,901070001,'23177',4538,4539,4540,4541
9010700,901070001,'23178',4542,4543,4544
9010700,901070001,'23179',4545,4546,4547,4548,4549
9010700,901070001,'23180',4550,4551
9010700,901070001,'23181',4552,4553
9010700,901070001,'23182',4554,4555
9010700,901070001,'23183',4556,4557
9010700,901070001,'23184',4558,4559
9010700,901070001,'23185',4560,4561,4562
9010700,901070001,'23186',4563,4564
9010700,901070001,'23187',4565,4566
9010700,901070001,'23188',4567,4568
9010700,901070001,'23189',4569,4570,4571
9010700,901070001,'23190',4572,4573,4574,4575
9010700,901070001,'23191',4576,4577,4578,4579
9010700,901070001,'23192',4580,4581,4582,4583
9010700,901070001,'23193',4584,4585,4586,4587,4588
9010700,901070001,'23194',4589,4590
9010700,901070001,'23195',4591,4592
9010700,901070001,'23196',4593,4594
9010700,901070001,'23197',4595
9010700,901070001,'23198',4596
9010700,901070001,'23199',4597
9010700,901070001,'23200',4598,4599
9010700,901070001,'23201',4600,4601,4602
9010700,901070001,'23202',4603,4604,4605
9010700,901070001,'23203',4606,4607
9010700,901070001,'23204',4608,4609,4610
9010700,901070001,'23205',4611,4612,4613,4614
9010700,901070001,'23206',4615,4616,4617,4618
9010700,901070001,'23207',4619,4620,4621,4622,4623
9010700,901070001,'23208',4624,4625,4626,4627
9010700,901070001,'23209',4628,4629,4630,4631
9010700,901070001,'23210',4632,4633
9010700,901070001,'23211',4634,4635
9010700,901070001,'23212',4636,4637,4638
9010700,901070001,'23213',4639,4640
9010700,901070001,'23214',4641,4642
9010700,901070001,'23215',4643
9010700,901070001,'23216',4644,4645
9010700,901070001,'23217',4646,4647
9010700,901070001,'23218',4648,4649,4650
9010700,901070001,'23219',4651,4652,4653,4654
9010700,901070001,'23220',4655,4656,4657,4658
9010700,901070001,'23221',4659,4660,4661,4662,4663
9010700,901070001,'23222',4664,4665,4666
9010700,901070001,'23223',4667,4668
9010700,901070001,'23224',4669,4670
9010700,901070001,'23225',4671,4672,4673
9010700,901070001,'23226',4674,4675
9010700,901070001,'23227',4676
9010700,901070001,'23228',4677
9010700,901070001,'23229',4678
9010700,901070001,'23230',4679,4680
9010700,901070001,'23231',4681,4682
9010700,901070001,'23232',4683,4684,4685,4686
9010700,901070001,'23233',4687,4688,4689,4690,4691
9010700,901070001,'23234',4692,4693,4694
9010700,901070001,'23235',4695,4696,4697,4698,4699
9010700,901070001,'23236',4700,4701
9010700,901070001,'23237',4702,4703,4704
9010700,901070001,'23238',4705,4706
9010700,901070001,'23239',4707,4708
9010700,901070001,'23240',4709,4710,4711,4712
9010700,901070001,'23241',4713,4714,4715
9010700,901070001,'23242',4716,4717
9010700,901070001,'23243',4718,4719,4720
9010700,901070001,'23244',4721
9010700,901070001,'23245',4722,4723
9010700,901070001,'23246',4724,4725
9010700,901070001,'23247',4726,4727,4728,4729
9010700,901070001,'23248',4730,4731,4732
9010700,901070001,'23249',4733,4734,4735,4736
9010700,901070001,'23250',4737,4738,4739
9010700,901070001,'23251',4740,4741
9010700,901070001,'23252',4742,4743
9010700,901070001,'23253',4744,4745
9010700,901070001,'23254',4746,4747,4748
9010700,901070001,'23255',4749,4750
9010700,901070001,'23257',4751,4752
9010700,901070001,'23258',4753
9010700,901070001,'23259',4754
9010700,901070001,'23260',4755,4756
9010700,901070001,'23261',4757,4758,4759
9010700,901070001,'23262',4760,4761
9010700,901070001,'23263',4762,4763,4764,4765
9010700,901070001,'23264',4766,4767,4768
9010700,901070001,'23265',4769,4770,4771
9010700,901070001,'23266',4772,4773
9010700,901070001,'23267',4774,4775
9010700,901070001,'23268',4776,4777,4778
9010700,901070001,'23269',4779,4780,4781
9010700,901070001,'23270',4782,4783,4784
9010700,901070001,'23271',4785
9010700,901070001,'23272',4786
9010700,901070001,'23273',4787
9010700,901070001,'23274',4788,4789
9010700,901070001,'23275',4790,4791,4792
9010700,901070001,'23276',4793,4794,4795
9010700,901070001,'23277',4796,4797,4798,4799
9010700,901070001,'23278',4800,4801,4802,4803
9010700,901070001,'23279',4804,4805
9010700,901070001,'23280',4806,4807
9010700,901070001,'23281',4808,4809
9010700,901070001,'23282',4810,4811,4812,4813
9010700,901070001,'23283',4814,4815,4816
9010700,901070001,'23284',4817,4818
9010700,901070001,'23285',4819
9010700,901070001,'23286',4820
9010700,901070001,'23287',4821,4822
9010700,901070001,'23288',4823
9010700,901070001,'23289',4824,4825,4826
9010700,901070001,'23290',4827,4828
9010700,901070001,'23291',4829,4830,4831,4832
9010700,901070001,'23292',4833,4834,4835
9010700,901070001,'23293',4836,4837,4838,4839
9010700,901070001,'23294',4840,4841
9010700,901070001,'23295',4842,4843
9010700,901070001,'23296',4844,4845,4846
9010700,901070001,'23297',4847,4848,4849
9010700,901070001,'23298',4850,4851,4852,4853
9010700,901070001,'23299',4854,4855
9010700,901070001,'23300',4856
9010700,901070001,'23301',4857
9010700,901070001,'23302',4858
9010700,901070001,'23303',4859
9010700,901070001,'23304',4860,4861
9010700,901070001,'23305',4862,4863
9010700,901070001,'23306',4864,4865
9010700,901070001,'23307',4866,4867
9010700,901070001,'23308',4868,4869
9010700,901070001,'23309',4870,4871
9010700,901070001,'23310',4872,4873,4874
9010700,901070001,'23311',4875,4876,4877
9010700,901070001,'23312',4878,4879,4880,4881
9010700,901070001,'23313',4882,4883,4884
9010700,901070001,'23314',4885,4886,4887
9010700,901070001,'23315',4888,4889
9010700,901070001,'23316',4890
9010700,901070001,'23317',4891
9010700,901070001,'23318',4892,4893
9010700,901070001,'23319',4894,4895
9010700,901070001,'23320',4896
9010700,901070001,'23321',4897
9010700,901070001,'23322',4898,4899
9010700,901070001,'23323',4900,4901
9010700,901070001,'23324',4902,4903,4904,4905
9010700,901070001,'23325',4906,4907,4908
9010700,901070001,'23326',4909,4910,4911,4912
9010700,901070001,'23327',4913,4914
9010700,901070001,'23328',4915,4916
9010700,901070001,'23329',4917
9010700,901070001,'23330',4918
9010700,901070001,'23331',4919
9010700,901070001,'23332',4920,4921
9010700,901070001,'23333',4922,4923
9010700,901070001,'23334',4924
9010700,901070001,'23335',4925
9010700,901070001,'23336',4926,4927
9010700,901070001,'23337',4928,4929
9010700,901070001,'23338',4930,4931
9010700,901070001,'23339',4932,4933
9010700,901070001,'23340',4934,4935
9010700,901070001,'23341',4936,4937,4938
9010700,901070001,'23342',4939,4940,4941
9010700,901070001,'23343',4942,4943,4944
9010700,901070001,'23344',4945,4946,4947
9010700,901070001,'23345',4948
9010700,901070001,'23346',4949,4950
9010700,901070001,'23347',4951,4952
9010700,901070001,'23348',4953
9010700,901070001,'23349',4954
9010700,901070001,'23350',4955
9010700,901070001,'23351',4956
9010700,901070001,'23352',4957,4958
9010700,901070001,'23353',4959,4960
9010700,901070001,'23354',4961,4962
9010700,901070001,'23355',4963,4964
9010700,901070001,'23356',4965,4966
9010700,901070001,'23357',4967,4968
9010700,901070001,'23358',4969,4970
18190100,1819010000,'24054',4971,4972,4973,4974
18190100,1819010000,'24055',4975,4976,4977,4978,4979,4980,4981,4982,4983,4984
18190100,1819010000,'24056',4985,4986,4987,4988,4989,4990,4991,4992,4993,4994
18190100,1819010000,'24057',4995,4996,4997,4998,4999,5000,5001,5002,5003,5004
18190100,1819010000,'24058',5005,5006,5007,5008,5009,5010,5011,5012,5013,5014,5015
18190100,1819010000,'24059',5016,5017,5018,5019,5020,5021,5022,5023,5024,5025,5026
18190100,1819010000,'24060',5027,5028,5029,5030,5031,5032
18190100,1819010000,'24068',5033,5034,5035,5036
18190100,1819010000,'24069',5037,5038,5039,5040,5041,5042,5043,5044,5045,5046
18190100,1819010000,'24070',5047,5048,5049,5050,5051,5052,5053,5054,5055,5056
18190100,1819010000,'24071',5057,5058,5059,5060,5061,5062,5063,5064,5065,5066
18190100,1819010000,'24072',5067,5068,5069,5070,5071,5072,5073,5074,5075,5076,5077
18190100,1819010000,'24073',5078,5079,5080,5081,5082,5083,5084,5085,5086,5087,5088,5089
18190100,1819010000,'24074',5090,5091,5092,5093,5094,5095
18190100,1819010001,'24047',5096,5097,5098,5099
18190100,1819010001,'24048',5100,5101,5102,5103,5104,5105,5106,5107,5108,5109
18190100,1819010001,'24049',5110,5111,5112,5113,5114,5115,5116,5117,5118,5119
18190100,1819010001,'24050',5120,5121,5122,5123,5124,5125,5126,5127,5128,5129
18190100,1819010001,'24051',5130,5131,5132,5133,5134,5135,5136,5137,5138,5139,5140
18190100,1819010001,'24052',5141,5142,5143,5144,5145,5146,5147,5148,5149,5150,5151
18190100,1819010001,'24053',5152,5153,5154,5155,5156,5157
18190100,1819010001,'24061',5158,5159,5160,5161
18190100,1819010001,'24062',5162,5163,5164,5165,5166,5167,5168,5169,5170,5171
18190100,1819010001,'24063',5172,5173,5174,5175,5176,5177,5178,5179,5180,5181
18190100,1819010001,'24064',5182,5183,5184,5185,5186,5187,5188,5189,5190,5191
18190100,1819010001,'24065',5192,5193,5194,5195,5196,5197,5198,5199,5200,5201,5202
18190100,1819010001,'24066',5203,5204,5205,5206,5207,5208,5209,5210,5211,5212,5213,5214
18190100,1819010001,'24067',5215,5216,5217,5218,5219,5220
19200912,1920091200,'24343',5221,5222,5223,5224,5225,5226,5227,5228,5229,5230,5231,5232,5233,5234,5235,5236,5237,5238,5239,5240,5241,5242,5243,5244,5245,5246,5247,5248,5249,5250,5251,5252,5253,5254
19200912,1920091200,'24344',5255,5256,5257,5258,5259,5260,5261,5262,5263,5264,5265,5266,5267,5268,5269,5270,5271,5272,5273,5274,5275,5276,5277,5278,5279,5280,5281,5282,5283,5284,5285,5286,5287,5288,5289
19200912,1920091200,'24345',5290,5291,5292,5293,5294,5295,5296,5297,5298,5299,5300,5301,5302,5303,5304,5305,5306,5307,5308,5309,5310,5311,5312,5313,5314,5315,5316,5317,5318,5319,5320,5321,5322,5323,5324
19200912,1920091200,'24346',5325,5326,5327,5328,5329,5330,5331,5332,5333,5334,5335,5336,5337,5338,5339,5340,5341,5342,5343,5344,5345,5346,5347,5348,5349,5350,5351,5352,5353,5354,5355,5356,5357,5358,5359
19200912,1920091200,'24347',5360,5361,5362,5363,5364,5365,5366,5367,5368,5369,5370,5371,5372,5373,5374,5375,5376,5377,5378,5379,5380,5381,5382,5383,5384,5385,5386,5387,5388,5389,5390,5391,5392,5393,5394
19200912,1920091200,'24348',5395,5396,5397,5398,5399,5400,5401,5402,5403,5404,5405,5406,5407,5408,5409,5410,5411,5412,5413,5414,5415,5416,5417,5418,5419,5420,5421,5422,5423,5424,5425,5426,5427,5428,5429
19200912,1920091200,'24349',5430,5431,5432,5433,5434,5435,5436,5437,5438,5439,5440,5441,5442,5443,5444,5445,5446,5447,5448,5449,5450,5451,5452,5453,5454,5455,5456,5457,5458,5459,5460,5461,5462,5463
19200912,1920091201,'24336',5464,5465,5466,5467,5468,5469,5470,5471,5472,5473,5474,5475,5476,5477,5478,5479,5480,5481,5482,5483,5484,5485,5486,5487,5488,5489,5490,5491,5492,5493,5494,5495,5496
19200912,1920091201,'24337',5497,5498,5499,5500,5501,5502,5503,5504,5505,5506,5507,5508,5509,5510,5511,5512,5513,5514,5515,5516,5517,5518,5519,5520,5521,5522,5523,5524,5525,5526,5527,5528,5529,5530
19200912,1920091201,'24338',5531,5532,5533,5534,5535,5536,5537,5538,5539,5540,5541,5542,5543,5544,5545,5546,5547,5548,5549,5550,5551,5552,5553,5554,5555,5556,5557,5558,5559,5560,5561,5562,5563,5564
19200912,1920091201,'24339',5565,5566,5567,5568,5569,5570,5571,5572,5573,5574,5575,5576,5577,5578,5579,5580,5581,5582,5583,5584,5585,5586,5587,5588,5589,5590,5591,5592,5593,5594,5595,5596,5597,5598
19200912,1920091201,'24340',5599,5600,5601,5602,5603,5604,5605,5606,5607,5608,5609,5610,5611,5612,5613,5614,5615,5616,5617,5618,5619,5620,5621,5622,5623,5624,5625,5626,5627,5628,5629,5630,5631,5632
19200912,1920091201,'24341',5633,5634,5635,5636,5637,5638,5639,5640,5641,5642,5643,5644,5645,5646,5647,5648,5649,5650,5651,5652,5653,5654,5655,5656,5657,5658,5659,5660,5661,5662,5663,5664,5665,5666
19200912,1920091201,'24342',5667,5668,5669,5670,5671,5672,5673,5674,5675,5676,5677,5678,5679,5680,5681,5682,5683,5684,5685,5686,5687,5688,5689,5690,5691,5692,5693,5694,5695,5696,5697,5698,5699
20219300,2021930000,'23914',5700,5701,5702,5703,5704,5705,5706,5707,5708,5709,5710,5711,5712,5713,5714,5715,5716,5717,5718,5719,5720,5721,5722,5723,5724,5725,5726,5727,5728,5729,5730,5731,5732,5733,5734,5735,5736,5737,5738,5739,5740,5741,5742,5743,5744,5745,5746,5747,5748
20219300,2021930000,'23915',5749,5750,5751,5752,5753,5754,5755,5756,5757,5758,5759,5760,5761,5762,5763,5764,5765,5766,5767,5768,5769,5770,5771,5772,5773,5774,5775,5776,5777,5778,5779,5780,5781,5782,5783,5784,5785,5786,5787,5788,5789,5790,5791,5792,5793,5794,5795,5796,5797,5798,5799
20219300,2021930000,'23916',5800,5801,5802,5803,5804,5805,5806,5807,5808,5809,5810,5811,5812,5813,5814,5815,5816,5817,5818,5819,5820,5821,5822,5823,5824,5825,5826,5827,5828,5829,5830,5831,5832,5833,5834,5835,5836,5837,5838,5839,5840,5841,5842,5843,5844,5845,5846,5847,5848,5849,5850
20219300,2021930000,'23917',5851,5852,5853,5854,5855,5856,5857,5858,5859,5860,5861,5862,5863,5864,5865,5866,5867,5868,5869,5870,5871,5872,5873,5874,5875,5876,5877,5878,5879,5880,5881,5882,5883,5884,5885,5886,5887,5888,5889,5890,5891,5892,5893,5894,5895,5896,5897,5898,5899,5900,5901
20219300,2021930000,'23918',5902,5903,5904,5905,5906,5907,5908,5909,5910,5911,5912,5913,5914,5915,5916,5917,5918,5919,5920,5921,5922,5923,5924,5925,5926,5927,5928,5929,5930,5931,5932,5933,5934,5935,5936,5937,5938,5939,5940,5941,5942,5943,5944,5945,5946,5947,5948,5949,5950,5951,5952
20219300,2021930000,'23919',5953,5954,5955,5956,5957,5958,5959,5960,5961,5962,5963,5964,5965,5966,5967,5968,5969,5970,5971,5972,5973,5974,5975,5976,5977,5978,5979,5980,5981,5982,5983,5984,5985,5986,5987,5988,5989,5990,5991,5992,5993,5994,5995,5996,5997,5998,5999,6000,6001,6002,6003
20219300,2021930000,'23920',6004,6005,6006,6007,6008,6009,6010,6011,6012,6013,6014,6015,6016,6017,6018,6019,6020,6021,6022,6023,6024,6025,6026,6027,6028,6029,6030,6031,6032,6033,6034,6035,6036,6037,6038,6039,6040,6041,6042,6043,6044,6045,6046,6047,6048,6049,6050,6051,6052
20219300,2021930000,'24302',6053,6054,6055,6056,6057,6058,6059,6060,6061,6062,6063,6064,6065,6066,6067,6068,6069,6070,6071,6072,6073,6074,6075,6076,6077,6078,6079,6080,6081,6082,6083,6084,6085,6086,6087,6088,6089,6090,6091,6092,6093,6094,6095,6096
20219300,2021930000,'24303',6097,6098,6099,6100,6101,6102,6103,6104,6105,6106,6107,6108,6109,6110,6111,6112,6113,6114,6115,6116,6117,6118,6119,6120,6121,6122,6123,6124,6125,6126,6127,6128,6129,6130,6131,6132,6133,6134,6135,6136,6137,6138,6139,6140
20219300,2021930000,'24304',6141,6142,6143,6144,6145,6146,6147,6148,6149,6150,6151,6152,6153,6154,6155,6156,6157,6158,6159,6160,6161,6162,6163,6164,6165,6166,6167,6168,6169,6170,6171,6172,6173,6174,6175,6176,6177,6178,6179,6180,6181,6182,6183,6184
20219300,2021930000,'24305',6185,6186,6187,6188,6189,6190,6191,6192,6193,6194,6195,6196,6197,6198,6199,6200,6201,6202,6203,6204,6205,6206,6207,6208,6209,6210,6211,6212,6213,6214,6215,6216,6217,6218,6219,6220,6221,6222,6223,6224,6225,6226,6227,6228
20219300,2021930000,'24306',6229,6230,6231,6232,6233,6234,6235,6236,6237,6238,6239,6240,6241,6242,6243,6244,6245,6246,6247,6248,6249,6250,6251,6252,6253,6254,6255,6256,6257,6258,6259,6260,6261,6262,6263,6264,6265,6266,6267,6268,6269,6270,6271,6272
20219300,2021930000,'24315',6273,6274,6275,6276,6277,6278,6279,6280,6281,6282,6283,6284,6285,6286,6287,6288,6289,6290,6291,6292,6293,6294,6295,6296,6297,6298,6299,6300,6301,6302,6303,6304,6305,6306,6307,6308,6309,6310,6311,6312,6313,6314,6315,6316,6317,6318,6319,6320,6321,6322,6323,6324
20219300,2021930000,'24316',6325,6326,6327,6328,6329,6330,6331,6332,6333,6334,6335,6336,6337,6338,6339,6340,6341,6342,6343,6344,6345,6346,6347,6348,6349,6350,6351,6352,6353,6354,6355,6356,6357,6358,6359,6360,6361,6362,6363,6364,6365,6366,6367,6368,6369,6370,6371,6372,6373,6374,6375,6376
20219300,2021930000,'24317',6377,6378,6379,6380,6381,6382,6383,6384,6385,6386,6387,6388,6389,6390,6391,6392,6393,6394,6395,6396,6397,6398,6399,6400,6401,6402,6403,6404,6405,6406,6407,6408,6409,6410,6411,6412,6413,6414,6415,6416,6417,6418,6419,6420,6421,6422,6423,6424,6425,6426,6427,6428
20219300,2021930000,'24318',6429,6430,6431,6432,6433,6434,6435,6436,6437,6438,6439,6440,6441,6442,6443,6444,6445,6446,6447,6448,6449,6450,6451,6452,6453,6454,6455,6456,6457,6458,6459,6460,6461,6462,6463,6464,6465,6466,6467,6468,6469,6470,6471,6472,6473,6474,6475,6476,6477,6478,6479,6480
20219300,2021930000,'24319',6481,6482,6483,6484,6485,6486,6487,6488,6489,6490,6491,6492,6493,6494,6495,6496,6497,6498,6499,6500,6501,6502,6503,6504,6505,6506,6507,6508,6509,6510,6511,6512,6513,6514,6515,6516,6517,6518,6519,6520,6521,6522,6523,6524,6525,6526,6527,6528,6529,6530,6531,6532
20219300,2021930000,'24320',6533,6534,6535,6536,6537,6538,6539,6540,6541,6542,6543,6544,6545,6546,6547,6548,6549,6550,6551,6552,6553,6554,6555,6556,6557,6558,6559,6560,6561,6562,6563,6564,6565,6566,6567,6568,6569,6570,6571,6572,6573,6574,6575,6576,6577,6578,6579,6580,6581,6582,6583,6584
20219300,2021930000,'24321',6585,6586,6587,6588,6589,6590,6591,6592,6593,6594,6595,6596,6597,6598,6599,6600,6601,6602,6603,6604,6605,6606,6607,6608,6609,6610,6611,6612,6613,6614,6615,6616,6617,6618,6619,6620,6621,6622,6623,6624,6625,6626,6627,6628,6629,6630,6631,6632,6633,6634,6635,6636
20219300,2021930001,'23907',6637,6638,6639,6640,6641,6642,6643,6644,6645,6646,6647,6648,6649,6650,6651,6652,6653,6654,6655,6656,6657,6658,6659,6660,6661,6662,6663,6664,6665,6666,6667,6668,6669,6670,6671,6672,6673,6674,6675,6676,6677,6678,6679,6680,6681,6682,6683,6684,6685
20219300,2021930001,'23908',6686,6687,6688,6689,6690,6691,6692,6693,6694,6695,6696,6697,6698,6699,6700,6701,6702,6703,6704,6705,6706,6707,6708,6709,6710,6711,6712,6713,6714,6715,6716,6717,6718,6719,6720,6721,6722,6723,6724,6725,6726,6727,6728,6729,6730,6731,6732,6733,6734,6735,6736
20219300,2021930001,'23909',6737,6738,6739,6740,6741,6742,6743,6744,6745,6746,6747,6748,6749,6750,6751,6752,6753,6754,6755,6756,6757,6758,6759,6760,6761,6762,6763,6764,6765,6766,6767,6768,6769,6770,6771,6772,6773,6774,6775,6776,6777,6778,6779,6780,6781,6782,6783,6784,6785,6786,6787
20219300,2021930001,'23910',6788,6789,6790,6791,6792,6793,6794,6795,6796,6797,6798,6799,6800,6801,6802,6803,6804,6805,6806,6807,6808,6809,6810,6811,6812,6813,6814,6815,6816,6817,6818,6819,6820,6821,6822,6823,6824,6825,6826,6827,6828,6829,6830,6831,6832,6833,6834,6835,6836,6837,6838
20219300,2021930001,'23911',6839,6840,6841,6842,6843,6844,6845,6846,6847,6848,6849,6850,6851,6852,6853,6854,6855,6856,6857,6858,6859,6860,6861,6862,6863,6864,6865,6866,6867,6868,6869,6870,6871,6872,6873,6874,6875,6876,6877,6878,6879,6880,6881,6882,6883,6884,6885,6886,6887,6888,6889
20219300,2021930001,'23912',6890,6891,6892,6893,6894,6895,6896,6897,6898,6899,6900,6901,6902,6903,6904,6905,6906,6907,6908,6909,6910,6911,6912,6913,6914,6915,6916,6917,6918,6919,6920,6921,6922,6923,6924,6925,6926,6927,6928,6929,6930,6931,6932,6933,6934,6935,6936,6937,6938,6939,6940
20219300,2021930001,'23913',6941,6942,6943,6944,6945,6946,6947,6948,6949,6950,6951,6952,6953,6954,6955,6956,6957,6958,6959,6960,6961,6962,6963,6964,6965,6966,6967,6968,6969,6970,6971,6972,6973,6974,6975,6976,6977,6978,6979,6980,6981,6982,6983,6984,6985,6986,6987,6988,6989
20219300,2021930001,'24295',6990,6991,6992,6993,6994,6995,6996,6997,6998,6999,7000,7001,7002,7003,7004,7005,7006,7007,7008,7009,7010,7011,7012,7013,7014,7015,7016,7017,7018,7019,7020,7021,7022,7023,7024,7025,7026,7027,7028,7029,7030,7031,7032,7033
20219300,2021930001,'24296',7034,7035,7036,7037,7038,7039,7040,7041,7042,7043,7044,7045,7046,7047,7048,7049,7050,7051,7052,7053,7054,7055,7056,7057,7058,7059,7060,7061,7062,7063,7064,7065,7066,7067,7068,7069,7070,7071,7072,7073,7074,7075,7076,7077
20219300,2021930001,'24297',7078,7079,7080,7081,7082,7083,7084,7085,7086,7087,7088,7089,7090,7091,7092,7093,7094,7095,7096,7097,7098,7099,7100,7101,7102,7103,7104,7105,7106,7107,7108,7109,7110,7111,7112,7113,7114,7115,7116,7117,7118,7119,7120,7121
20219300,2021930001,'24298',7122,7123,7124,7125,7126,7127,7128,7129,7130,7131,7132,7133,7134,7135,7136,7137,7138,7139,7140,7141,7142,7143,7144,7145,7146,7147,7148,7149,7150,7151,7152,7153,7154,7155,7156,7157,7158,7159,7160,7161,7162,7163,7164,7165
20219300,2021930001,'24299',7166,7167,7168,7169,7170,7171,7172,7173,7174,7175,7176,7177,7178,7179,7180,7181,7182,7183,7184,7185,7186,7187,7188,7189,7190,7191,7192,7193,7194,7195,7196,7197,7198,7199,7200,7201,7202,7203,7204,7205,7206,7207,7208,7209
20219300,2021930001,'24308',7210,7211,7212,7213,7214,7215,7216,7217,7218,7219,7220,7221,7222,7223,7224,7225,7226,7227,7228,7229,7230,7231,7232,7233,7234,7235,7236,7237,7238,7239,7240,7241,7242,7243,7244,7245,7246,7247,7248,7249,7250,7251,7252,7253,7254,7255,7256,7257,7258,7259,7260,7261
20219300,2021930001,'24309',7262,7263,7264,7265,7266,7267,7268,7269,7270,7271,7272,7273,7274,7275,7276,7277,7278,7279,7280,7281,7282,7283,7284,7285,7286,7287,7288,7289,7290,7291,7292,7293,7294,7295,7296,7297,7298,7299,7300,7301,7302,7303,7304,7305,7306,7307,7308,7309,7310,7311,7312,7313
20219300,2021930001,'24310',7314,7315,7316,7317,7318,7319,7320,7321,7322,7323,7324,7325,7326,7327,7328,7329,7330,7331,7332,7333,7334,7335,7336,7337,7338,7339,7340,7341,7342,7343,7344,7345,7346,7347,7348,7349,7350,7351,7352,7353,7354,7355,7356,7357,7358,7359,7360,7361,7362,7363,7364,7365
20219300,2021930001,'24311',7366,7367,7368,7369,7370,7371,7372,7373,7374,7375,7376,7377,7378,7379,7380,7381,7382,7383,7384,7385,7386,7387,7388,7389,7390,7391,7392,7393,7394,7395,7396,7397,7398,7399,7400,7401,7402,7403,7404,7405,7406,7407,7408,7409,7410,7411,7412,7413,7414,7415,7416,7417
20219300,2021930001,'24312',7418,7419,7420,7421,7422,7423,7424,7425,7426,7427,7428,7429,7430,7431,7432,7433,7434,7435,7436,7437,7438,7439,7440,7441,7442,7443,7444,7445,7446,7447,7448,7449,7450,7451,7452,7453,7454,7455,7456,7457,7458,7459,7460,7461,7462,7463,7464,7465,7466,7467,7468,7469
20219300,2021930001,'24313',7470,7471,7472,7473,7474,7475,7476,7477,7478,7479,7480,7481,7482,7483,7484,7485,7486,7487,7488,7489,7490,7491,7492,7493,7494,7495,7496,7497,7498,7499,7500,7501,7502,7503,7504,7505,7506,7507,7508,7509,7510,7511,7512,7513,7514,7515,7516,7517,7518,7519,7520,7521
20219300,2021930001,'24314',7522,7523,7524,7525,7526,7527,7528,7529,7530,7531,7532,7533,7534,7535,7536,7537,7538,7539,7540,7541,7542,7543,7544,7545,7546,7547,7548,7549,7550,7551,7552,7553,7554,7555,7556,7557,7558,7559,7560,7561,7562,7563,7564,7565,7566,7567,7568,7569,7570,7571,7572,7573
