901070000,'22884',730,,4021,1,4,,1,970,,4022,1,4,,1
901070000,'22885',730,,4024,1,4,,1,1015,,4023,1,4,,1
901070000,'22886',615,,4025,1,4,,1,1230,,4026,1,4,,1,270,,4027,1,4,,1
901070000,'22887',630,,4028,1,4,,1,1300,,4029,1,4,,1
901070000,'22888',830,,4030,1,4,,1,200,,4031,1,4,,1,985,,4032,1,4,,1,130,,4033,1,4,,1
901070000,'22889',800,,4034,1,4,,1,330,,4035,1,4,,1,985,,4036,1,4,,1
901070000,'22890',915,,4037,1,4,,1,130,,4038,1,4,,1,170,,4039,1,4,,1,985,,4040,1,4,,1
901070000,'22891',1030,,4041,1,4,,1
901070000,'22892',1145,,4042,1,4,,1
901070000,'22893',1300,,4043,1,4,,1,130,,4044,1,4,,1
901070000,'22894',1400,,4045,1,4,,1
901070000,'22895',1500,,4046,1,4,,1,130,,4047,1,4,,1
901070000,'22896',1545,,4048,1,4,,1,170,,4049,1,4,,1
901070000,'22897',630,,4050,1,4,,1,1000,,4051,1,4,,1,185,,4052,1,4,,1
901070000,'22898',715,,4053,1,4,,1,985,,4054,1,4,,1
901070000,'22899',530,,4055,1,4,,1,1215,,4056,1,4,,1
901070000,'22900',630,,4057,1,4,,1,200,,4058,1,4,,1,985,,4059,1,4,,1,215,,4060,1,4,,1
901070000,'22901',530,,4061,1,4,,1,1315,,4062,1,4,,1,185,,4063,1,4,,1
901070000,'22902',730,,4064,1,4,,1,185,,4065,1,4,,1,985,,4066,1,4,,1,145,,4067,1,4,,1
901070000,'22903',815,,4068,1,4,,1,200,,4069,1,4,,1,930,,4070,1,4,,1
901070000,'22904',730,,4071,1,4,,1,170,,4072,1,4,,1,130,,4073,1,4,,1,1000,,4074,1,4,,1,170,,4075,1,4,,1
901070000,'22905',815,,4076,1,4,,1,1285,,4077,1,4,,1
901070000,'22906',915,,4078,1,4,,1,1230,,4079,1,4,,1
901070000,'22907',1015,,4080,1,4,,1,1215,,4081,1,4,,1
901070000,'22908',1145,,4082,1,4,,1,185,,4083,1,4,,1
901070000,'22909',1300,,4084,1,4,,1,130,,4085,1,4,,1,985,,4086,1,4,,1
901070000,'22910',1400,,4087,1,4,,1,145,,4088,1,4,,1
901070000,'22911',1500,,4089,1,4,,1,145,,4090,1,4,,1
901070000,'22912',630,,4091,1,4,,1,970,,4092,1,4,,1
901070000,'22913',715,,4093,1,4,,1,985,,4094,1,4,,1
901070000,'22914',630,,4095,1,4,,1,200,,4096,1,4,,1,915,,4097,1,4,,1
901070000,'22915',530,,4098,1,4,,1,1285,,4099,1,4,,1,130,,4100,1,4,,1
901070000,'22916',715,,4101,1,4,,1,285,,4102,1,4,,1,900,,4103,1,4,,1,145,,4104,1,4,,1
901070000,'22917',800,,4105,1,4,,1,230,,4106,1,4,,1,915,,4107,1,4,,1,170,,4108,1,4,,1
901070000,'22918',745,,4109,1,4,,1,170,,4110,1,4,,1,130,,4111,1,4,,1,985,,4112,1,4,,1,170,,4113,1,4,,1
901070000,'22919',845,,4114,1,4,,1,1270,,4115,1,4,,1
901070000,'22920',945,,4116,1,4,,1,1255,,4117,1,4,,1
901070000,'22921',1115,,4118,1,4,,1,130,,4119,1,4,,1
901070000,'22922',1215,,4120,1,4,,1
901070000,'22923',1345,,4121,1,4,,1
901070000,'22924',1445,,4122,1,4,,1
901070000,'22925',1530,,4123,1,4,,1,170,,4124,1,4,,1
901070000,'22926',615,,4125,1,4,,1,1000,,4126,1,4,,1,130,,4127,1,4,,1
901070000,'22927',700,,4128,1,4,,1,945,,4129,1,4,,1,200,,4130,1,4,,1
901070000,'22928',700,,4131,1,4,,1,1015,,4132,1,4,,1
901070000,'22929',630,,4133,1,4,,1,1115,,4134,1,4,,1,170,,4135,1,4,,1
901070000,'22930',700,,4136,1,4,,1,145,,4137,1,4,,1,970,,4138,1,4,,1,200,,4139,1,4,,1
901070000,'22931',730,,4140,1,4,,1,185,,4141,1,4,,1,930,,4142,1,4,,1,200,,4143,1,4,,1
901070000,'22932',700,,4144,1,4,,1,130,,4145,1,4,,1,170,,4146,1,4,,1,915,,4147,1,4,,1,130,,4148,1,4,,1
901070000,'22933',715,,4149,1,4,,1,130,,4150,1,4,,1,1100,,4151,1,4,,1,170,,4152,1,4,,1
901070000,'22934',800,,4153,1,4,,1,130,,4154,1,4,,1,1085,,4155,1,4,,1,130,,4156,1,4,,1
901070000,'22935',900,,4157,1,4,,1,1200,,4158,1,4,,1
901070000,'22936',1000,,4159,1,4,,1,1145,,4160,1,4,,1
901070000,'22937',1115,,4161,1,4,,1,130,,4162,1,4,,1,1055,,4163,1,4,,1
901070000,'22938',1230,,4164,1,4,,1,170,,4165,1,4,,1
901070000,'22939',1400,,4166,1,4,,1,130,,4167,1,4,,1
901070000,'22940',1500,,4168,1,4,,1
901070000,'22941',630,,4169,1,4,,1,970,,4170,1,4,,1
901070000,'22942',630,,4171,1,4,,1,1015,,4172,1,4,,1
901070000,'22943',630,,4173,1,4,,1,170,,4174,1,4,,1,915,,4175,1,4,,1
901070000,'22944',700,,4176,1,4,,1,145,,4177,1,4,,1,955,,4178,1,4,,1,145,,4179,1,4,,1
901070000,'22945',730,,4180,1,4,,1,185,,4181,1,4,,1,915,,4182,1,4,,1,170,,4183,1,4,,1
901070000,'22946',645,,4184,1,4,,1,185,,4185,1,4,,1,170,,4186,1,4,,1,900,,4187,1,4,,1,145,,4188,1,4,,1
901070000,'22947',730,,4189,1,4,,1,170,,4190,1,4,,1,1045,,4191,1,4,,1
901070000,'22948',815,,4192,1,4,,1,1200,,4193,1,4,,1
901070000,'22949',915,,4194,1,4,,1,1200,,4195,1,4,,1
901070000,'22950',1015,,4196,1,4,,1,130,,4197,1,4,,1,1055,,4198,1,4,,1
901070000,'22951',1145,,4199,1,4,,1,1155,,4200,1,4,,1
901070000,'22952',2415,,4201,1,4,,1
901070000,'22953',1430,,4202,1,4,,1
901070000,'22954',1515,,4203,1,4,,1
901070000,'22955',1545,,4204,1,4,,1,185,,4205,1,4,,1
901070000,'22956',630,,4206,1,4,,1,985,,4207,1,4,,1
901070000,'22957',545,,4208,1,4,,1,170,,4209,1,4,,1,930,,4210,1,4,,1,200,,4211,1,4,,1
901070000,'22958',615,,4212,1,4,,1,185,,4213,1,4,,1,900,,4214,1,4,,1,130,,4215,1,4,,1,170,,4216,1,4,,1
901070000,'22959',645,,4217,1,4,,1,170,,4218,1,4,,1,915,,4219,1,4,,1
901070000,'22960',715,,4220,1,4,,1,130,,4221,1,4,,1,955,,4222,1,4,,1,130,,4223,1,4,,1,170,,4224,1,4,,1
901070000,'22961',630,,4225,1,4,,1,1200,,4226,1,4,,1
901070000,'22962',700,,4227,1,4,,1,130,,4228,1,4,,1,1070,,4229,1,4,,1
901070000,'22963',745,,4230,1,4,,1,1185,,4231,1,4,,1
901070000,'22964',830,,4232,1,4,,1,1185,,4233,1,4,,1
901070000,'22965',945,,4234,1,4,,1,170,,4235,1,4,,1,1000,,4236,1,4,,1,130,,4237,1,4,,1
901070000,'22966',1100,,4238,1,4,,1,130,,4239,1,4,,1,1000,,4240,1,4,,1
901070000,'22967',1230,,4241,1,4,,1,170,,4242,1,4,,1,1000,,4243,1,4,,1
901070000,'22968',1345,,4244,1,4,,1,185,,4245,1,4,,1
901070000,'22969',1445,,4246,1,4,,1
901070000,'22970',615,,4247,1,4,,1,915,,4248,1,4,,1
901070000,'22971',645,,4249,1,4,,1,970,,4250,1,4,,1
901070000,'22972',630,,4251,1,4,,1,1015,,4252,1,4,,1,185,,4253,1,4,,1,170,,4254,1,4,,1
901070000,'22973',645,,4255,1,4,,1,170,,4256,1,4,,1,900,,4257,1,4,,1
901070000,'22974',700,,4258,1,4,,1,145,,4259,1,4,,1,900,,4260,1,4,,1,185,,4261,1,4,,1
901070000,'22975',615,,4262,1,4,,1,185,,4263,1,4,,1,1145,,4264,1,4,,1
901070000,'22976',700,,4265,1,4,,1,1200,,4266,1,4,,1
901070000,'22977',800,,4267,1,4,,1,1130,,4268,1,4,,1
901070000,'22978',845,,4269,1,4,,1,1170,,4270,1,4,,1
901070000,'22979',945,,4271,1,4,,1,1155,,4272,1,4,,1,130,,4273,1,4,,1
901070000,'22980',1100,,4274,1,4,,1,1115,,4275,1,4,,1
901070000,'22981',2345,,4276,1,4,,1
901070000,'22982',1345,,4277,1,4,,1
901070000,'22983',1430,,4278,1,4,,1
901070000,'22984',1500,,4279,1,4,,1
901070000,'22985',600,,4280,1,4,,1,930,,4281,1,4,,1
901070000,'22986',630,,4282,1,4,,1,970,,4283,1,4,,1,145,,4284,1,4,,1
901070000,'22987',715,,4285,1,4,,1,900,,4286,1,4,,1
901070000,'22988',630,,4287,1,4,,1,170,,4288,1,4,,1,845,,4289,1,4,,1,185,,4290,1,4,,1
901070000,'22989',630,,4291,1,4,,1,1085,,4292,1,4,,1,130,,4293,1,4,,1
901070000,'22990',545,,4294,1,4,,1,1200,,4295,1,4,,1
901070000,'22991',630,,4296,1,4,,1,1185,,4297,1,4,,1
901070000,'22992',730,,4298,1,4,,1,1170,,4299,1,4,,1
901070000,'22993',830,,4300,1,4,,1,1170,,4301,1,4,,1,145,,4302,1,4,,1
901070000,'22994',945,,4303,1,4,,1,170,,4304,1,4,,1,985,,4305,1,4,,1
901070000,'22995',1100,,4306,1,4,,1,130,,4307,1,4,,1,1000,,4308,1,4,,1
901070000,'22996',1215,,4309,1,4,,1
901070000,'22997',1330,,4310,1,4,,1
901070000,'22998',1430,,4311,1,4,,1
901070000,'22999',1500,,4312,1,4,,1,145,,4313,1,4,,1
901070000,'23000',630,,4314,1,4,,1,900,,4315,1,4,,1,285,,4316,1,4,,1
901070000,'23001',630,,4317,1,4,,1,985,,4318,1,4,,1,215,,4319,1,4,,1
901070000,'23002',630,,4320,1,4,,1,170,,4321,1,4,,1,845,,4322,1,4,,1,185,,4323,1,4,,1
901070000,'23003',645,,4324,1,4,,1,170,,4325,1,4,,1,900,,4326,1,4,,1,185,,4327,1,4,,1
901070000,'23004',630,,4328,1,4,,1,1115,,4329,1,4,,1
901070000,'23005',645,,4330,1,4,,1,1170,,4331,1,4,,1
901070000,'23006',730,,4332,1,4,,1,1115,,4333,1,4,,1
901070000,'23007',815,,4334,1,4,,1,185,,4335,1,4,,1,930,,4336,1,4,,1,170,,4337,1,4,,1
901070000,'23008',900,,4338,1,4,,1,130,,4339,1,4,,1,1000,,4340,1,4,,1
901070000,'23009',1030,,4341,1,4,,1,1100,,4342,1,4,,1
901070000,'23010',1130,,4343,1,4,,1
901070000,'23011',1230,,4344,1,4,,1
901070000,'23012',1330,,4345,1,4,,1,185,,4346,1,4,,1
901070000,'23013',1400,,4347,1,4,,1
901070000,'23014',1430,,4348,1,4,,1,170,,4349,1,4,,1,130,,4350,1,4,,1
901070000,'23015',1500,,4351,1,4,,1,330,,4352,1,4,,1
901070000,'23016',630,,4353,1,4,,1,900,,4354,1,4,,1,185,,4355,1,4,,1,130,,4356,1,4,,1
901070000,'23017',700,,4357,1,4,,1,900,,4358,1,4,,1
901070000,'23018',630,,4359,1,4,,1,170,,4360,1,4,,1,830,,4361,1,4,,1,170,,4362,1,4,,1
901070000,'23019',630,,4363,1,4,,1,1085,,4364,1,4,,1
901070000,'23020',630,,4365,1,4,,1,1170,,4366,1,4,,1
901070000,'23021',715,,4367,1,4,,1,1130,,4368,1,4,,1,170,,4369,1,4,,1
901070000,'23022',815,,4370,1,4,,1,215,,4371,1,4,,1,915,,4372,1,4,,1
901070000,'23023',830,,4373,1,4,,1,185,,4374,1,4,,1,985,,4375,1,4,,1,130,,4376,1,4,,1
901070000,'23024',945,,4377,1,4,,1,1185,,4378,1,4,,1
901070000,'23025',1100,,4379,1,4,,1
901070000,'23026',1200,,4380,1,4,,1
901070000,'23027',1245,,4381,1,4,,1
901070000,'23028',1330,,4382,1,4,,1
901070000,'23029',1400,,4383,1,4,,1,315,,4384,1,4,,1
901070000,'23030',1430,,4385,1,4,,1,200,,4386,1,4,,1
901070000,'23031',1500,,4387,1,4,,1
901070000,'23032',630,,4388,1,4,,1,915,,4389,1,4,,1
901070000,'23033',630,,4390,1,4,,1,985,,4391,1,4,,1
901070000,'23034',615,,4392,1,4,,1,130,,4393,1,4,,1
901070000,'23035',600,,4394,1,4,,1,1130,,4395,1,4,,1,170,,4396,1,4,,1
901070000,'23036',715,,4397,1,4,,1,130,,4398,1,4,,1,955,,4399,1,4,,1
901070000,'23037',745,,4400,1,4,,1,170,,4401,1,4,,1,985,,4402,1,4,,1,130,,4403,1,4,,1
901070000,'23038',830,,4404,1,4,,1,170,,4405,1,4,,1,1000,,4406,1,4,,1
901070000,'23039',930,,4407,1,4,,1,170,,4408,1,4,,1,1000,,4409,1,4,,1
901070000,'23040',1015,,4410,1,4,,1,1200,,4411,1,4,,1
901070000,'23041',1115,,4412,1,4,,1
901070000,'23042',1200,,4413,1,4,,1
901070000,'23043',1230,,4414,1,4,,1,215,,4415,1,4,,1
901070000,'23044',1315,,4416,1,4,,1,130,,4417,1,4,,1
901070000,'23045',1345,,4418,1,4,,1
901070000,'23046',1430,,4419,1,4,,1
901070000,'23047',630,,4420,1,4,,1,885,,4421,1,4,,1
901070000,'23048',700,,4422,1,4,,1,900,,4423,1,4,,1
901070000,'23049',630,,4424,1,4,,1,170,,4425,1,4,,1,845,,4426,1,4,,1,170,,4427,1,4,,1
901070000,'23050',715,,4428,1,4,,1,130,,4429,1,4,,1,900,,4430,1,4,,1
901070000,'23051',745,,4431,1,4,,1,185,,4432,1,4,,1,915,,4433,1,4,,1,170,,4434,1,4,,1
901070000,'23052',815,,4435,1,4,,1,1185,,4436,1,4,,1
901070000,'23053',930,,4437,1,4,,1,1200,,4438,1,4,,1
901070000,'23054',1030,,4439,1,4,,1
901070000,'23055',1115,,4440,1,4,,1
901070000,'23056',1215,,4441,1,4,,1
901070000,'23057',1300,,4442,1,4,,1,315,,4443,1,4,,1
901070000,'23058',1345,,4444,1,4,,1,200,,4445,1,4,,1
901070000,'23059',1415,,4446,1,4,,1
901070000,'23060',1500,,4447,1,4,,1
901070000,'23061',615,,4448,1,4,,1,915,,4449,1,4,,1
901070000,'23062',645,,4450,1,4,,1,955,,4451,1,4,,1
901070000,'23063',715,,4452,1,4,,1,930,,4453,1,4,,1
901070000,'23064',745,,4454,1,4,,1,970,,4455,1,4,,1
901070000,'23065',815,,4456,1,4,,1,985,,4457,1,4,,1
901070000,'23066',715,,4458,1,4,,1,185,,4459,1,4,,1,945,,4460,1,4,,1
901070000,'23067',800,,4461,1,4,,1,145,,4462,1,4,,1,985,,4463,1,4,,1
901070000,'23068',845,,4464,1,4,,1,200,,4465,1,4,,1,985,,4466,1,4,,1
901070000,'23069',930,,4467,1,4,,1,185,,4468,1,4,,1,1030,,4469,1,4,,1
901070000,'23070',1015,,4470,1,4,,1
901070000,'23071',1100,,4471,1,4,,1,245,,4472,1,4,,1
901070000,'23072',1145,,4473,1,4,,1,200,,4474,1,4,,1
901070000,'23073',1245,,4475,1,4,,1
901070000,'23074',1330,,4476,1,4,,1
901070000,'23075',1415,,4477,1,4,,1
901070000,'23076',1515,,4478,1,4,,1
901070000,'23077',645,,4479,1,4,,1,955,,4480,1,4,,1
901070000,'23078',745,,4481,1,4,,1,900,,4482,1,4,,1
901070000,'23079',815,,4483,1,4,,1,930,,4484,1,4,,1
901070000,'23080',700,,4485,1,4,,1,1145,,4486,1,4,,1
901070000,'23081',745,,4487,1,4,,1,1200,,4488,1,4,,1
901070000,'23082',845,,4489,1,4,,1,1255,,4490,1,4,,1
901070000,'23083',930,,4491,1,4,,1,1285,,4492,1,4,,1
901070001,'23159',800,,4493,0,,,1,1145,,4494,0,,,1
901070001,'23160',900,,4495,0,,,1,1145,,4496,0,,,1
901070001,'23161',945,,4497,0,,,1,955,,4498,0,,,1,230,,4499,0,,,1
901070001,'23162',915,,4500,0,,,1,130,,4501,0,,,1,900,,4502,0,,,1
901070001,'23163',900,,4503,0,,,1,230,,4504,0,,,1,900,,4505,0,,,1,170,,4506,0,,,1
901070001,'23164',830,,4507,0,,,1,370,,4508,0,,,1,930,,4509,0,,,1
901070001,'23165',930,,4510,0,,,1,170,,4511,0,,,1,130,,4512,0,,,1,985,,4513,0,,,1
901070001,'23166',1315,,4514,0,,,1
901070001,'23167',1415,,4515,0,,,1
901070001,'23168',1315,,4516,0,,,1,185,,4517,0,,,1
901070001,'23169',1615,,4518,0,,,1
901070001,'23170',1515,,4519,0,,,1,130,,4520,0,,,1
901070001,'23171',1600,,4521,0,,,1,130,,4522,0,,,1
901070001,'23172',700,,4523,0,,,1,1000,,4524,0,,,1,130,,4525,0,,,1
901070001,'23173',745,,4526,0,,,1,1185,,4527,0,,,1
901070001,'23174',830,,4528,0,,,1,1170,,4529,0,,,1
901070001,'23175',700,,4530,0,,,1,200,,4531,0,,,1,930,,4532,0,,,1,215,,4533,0,,,1
901070001,'23176',800,,4534,0,,,1,130,,4535,0,,,1,985,,4536,0,,,1,185,,4537,0,,,1
901070001,'23177',800,,4538,0,,,1,215,,4539,0,,,1,915,,4540,0,,,1,170,,4541,0,,,1
901070001,'23178',845,,4542,0,,,1,200,,4543,0,,,1,955,,4544,0,,,1
901070001,'23179',745,,4545,0,,,1,170,,4546,0,,,1,185,,4547,0,,,1,945,,4548,0,,,1,170,,4549,0,,,1
901070001,'23180',1145,,4550,0,,,1,970,,4551,0,,,1
901070001,'23181',1215,,4552,0,,,1,985,,4553,0,,,1
901070001,'23182',1300,,4554,0,,,1,945,,4555,0,,,1
901070001,'23183',1200,,4556,0,,,1,145,,4557,0,,,1
901070001,'23184',1315,,4558,0,,,1,130,,4559,0,,,1
901070001,'23185',30,,4560,0,,,1,1400,,4562,0,,,1,185,,4561,0,,,1
901070001,'23186',1515,,4563,0,,,1,200,,4564,0,,,1
901070001,'23187',645,,4565,0,,,1,1185,,4566,0,,,1
901070001,'23188',745,,4567,0,,,1,1185,,4568,0,,,1
901070001,'23189',715,,4569,0,,,1,130,,4570,0,,,1,1185,,4571,0,,,1
901070001,'23190',800,,4572,0,,,1,130,,4573,0,,,1,900,,4574,0,,,1,170,,4575,0,,,1
901070001,'23191',745,,4576,0,,,1,270,,4577,0,,,1,915,,4578,0,,,1,185,,4579,0,,,1
901070001,'23192',830,,4580,0,,,1,270,,4581,0,,,1,900,,4582,0,,,1,130,,4583,0,,,1
901070001,'23193',800,,4584,0,,,1,130,,4585,0,,,1,200,,4586,0,,,1,915,,4587,0,,,1,170,,4588,0,,,1
901070001,'23194',1200,,4589,0,,,1,930,,4590,0,,,1
901070001,'23195',1245,,4591,0,,,1,970,,4592,0,,,1
901070001,'23196',1130,,4593,0,,,1,170,,4594,0,,,1
901070001,'23197',1330,,4595,0,,,1
901070001,'23198',1445,,4596,0,,,1
901070001,'23199',1545,,4597,0,,,1
901070001,'23200',1545,,4598,0,,,1,170,,4599,0,,,1
901070001,'23201',630,,4600,0,,,1,1000,,4601,0,,,1,170,,4602,0,,,1
901070001,'23202',715,,4603,0,,,1,985,,4604,0,,,1,200,,4605,0,,,1
901070001,'23203',800,,4606,0,,,1,1145,,4607,0,,,1
901070001,'23204',845,,4608,0,,,1,955,,4609,0,,,1,230,,4610,0,,,1
901070001,'23205',715,,4611,0,,,1,200,,4612,0,,,1,930,,4613,0,,,1,200,,4614,0,,,1
901070001,'23206',745,,4615,0,,,1,200,,4616,0,,,1,985,,4617,0,,,1,170,,4618,0,,,1
901070001,'23207',715,,4619,0,,,1,130,,4620,0,,,1,170,,4621,0,,,1,915,,4622,0,,,1,170,,4623,0,,,1
901070001,'23208',900,,4624,0,,,1,145,,4625,0,,,1,955,,4626,0,,,1,130,,4627,0,,,1
901070001,'23209',945,,4628,0,,,1,170,,4629,0,,,1,915,,4630,0,,,1,170,,4631,0,,,1
901070001,'23210',1145,,4632,0,,,1,970,,4633,0,,,1
901070001,'23211',1215,,4634,0,,,1,985,,4635,0,,,1
901070001,'23212',1130,,4636,0,,,1,185,,4637,0,,,1,1000,,4638,0,,,1
901070001,'23213',1245,,4639,0,,,1,170,,4640,0,,,1
901070001,'23214',1415,,4641,0,,,1,130,,4642,0,,,1
901070001,'23215',1715,,4643,0,,,1
901070001,'23216',645,,4644,0,,,1,1185,,4645,0,,,1
901070001,'23217',745,,4646,0,,,1,1185,,4647,0,,,1
901070001,'23218',645,,4648,0,,,1,185,,4649,0,,,1,1200,,4650,0,,,1
901070001,'23219',715,,4651,0,,,1,200,,4652,0,,,1,915,,4653,0,,,1,170,,4654,0,,,1
901070001,'23220',745,,4655,0,,,1,200,,4656,0,,,1,900,,4657,0,,,1,170,,4658,0,,,1
901070001,'23221',700,,4659,0,,,1,145,,4660,0,,,1,185,,4661,0,,,1,900,,4662,0,,,1,170,,4663,0,,,1
901070001,'23222',915,,4664,0,,,1,130,,4665,0,,,1,955,,4666,0,,,1
901070001,'23223',1115,,4667,0,,,1,915,,4668,0,,,1
901070001,'23224',1145,,4669,0,,,1,985,,4670,0,,,1
901070001,'23225',1030,,4671,0,,,1,170,,4672,0,,,1,1015,,4673,0,,,1
901070001,'23226',1230,,4674,0,,,1,1085,,4675,0,,,1
901070001,'23227',30,,4676,0,,,1
901070001,'23228',1515,,4677,0,,,1
901070001,'23229',1615,,4678,0,,,1
901070001,'23230',1615,,4679,0,,,1,130,,4680,0,,,1
901070001,'23231',645,,4681,0,,,1,1200,,4682,0,,,1
901070001,'23232',600,,4683,0,,,1,130,,4684,0,,,1,985,,4685,0,,,1,200,,4686,0,,,1
901070001,'23233',645,,4687,0,,,1,170,,4688,0,,,1,900,,4689,0,,,1,130,,4690,0,,,1,170,,4691,0,,,1
901070001,'23234',700,,4692,0,,,1,145,,4693,0,,,1,900,,4694,0,,,1
901070001,'23235',730,,4695,0,,,1,185,,4696,0,,,1,900,,4697,0,,,1,130,,4698,0,,,1,185,,4699,0,,,1
901070001,'23236',945,,4700,0,,,1,900,,4701,0,,,1
901070001,'23237',845,,4702,0,,,1,170,,4703,0,,,1,900,,4704,0,,,1
901070001,'23238',1045,,4705,0,,,1,900,,4706,0,,,1
901070001,'23239',1115,,4707,0,,,1,915,,4708,0,,,1
901070001,'23240',1000,,4709,0,,,1,145,,4710,0,,,1,985,,4711,0,,,1,170,,4712,0,,,1
901070001,'23241',1115,,4713,0,,,1,130,,4714,0,,,1,1000,,4715,0,,,1
901070001,'23242',1245,,4716,0,,,1,170,,4717,0,,,1
901070001,'23243',15,,4718,0,,,1,1400,,4720,0,,,1,185,,4719,0,,,1
901070001,'23244',1715,,4721,0,,,1
901070001,'23245',630,,4722,0,,,1,1200,,4723,0,,,1
901070001,'23246',715,,4724,0,,,1,1215,,4725,0,,,1
901070001,'23247',800,,4726,0,,,1,915,,4727,0,,,1,130,,4728,0,,,1,170,,4729,0,,,1
901070001,'23248',700,,4730,0,,,1,145,,4731,0,,,1,885,,4732,0,,,1
901070001,'23249',715,,4733,0,,,1,200,,4734,0,,,1,900,,4735,0,,,1,130,,4736,0,,,1
901070001,'23250',815,,4737,0,,,1,1015,,4738,0,,,1,170,,4739,0,,,1
901070001,'23251',1015,,4740,0,,,1,900,,4741,0,,,1
901070001,'23252',1030,,4742,0,,,1,915,,4743,0,,,1
901070001,'23253',1100,,4744,0,,,1,930,,4745,0,,,1
901070001,'23254',1100,,4746,0,,,1,1015,,4747,0,,,1,130,,4748,0,,,1
901070001,'23255',1200,,4749,0,,,1,1030,,4750,0,,,1
901070001,'23257',0,,4751,0,,,1,1430,,4752,0,,,1
901070001,'23258',1600,,4753,0,,,1
901070001,'23259',1715,,4754,0,,,1
901070001,'23260',615,,4755,0,,,1,1200,,4756,0,,,1
901070001,'23261',700,,4757,0,,,1,930,,4758,0,,,1,170,,4759,0,,,1
901070001,'23262',745,,4760,0,,,1,885,,4761,0,,,1
901070001,'23263',645,,4762,0,,,1,170,,4763,0,,,1,900,,4764,0,,,1,130,,4765,0,,,1
901070001,'23264',845,,4766,0,,,1,1055,,4767,0,,,1,130,,4768,0,,,1
901070001,'23265',745,,4769,0,,,1,170,,4770,0,,,1,1185,,4771,0,,,1
901070001,'23266',945,,4772,0,,,1,885,,4773,0,,,1
901070001,'23267',1015,,4774,0,,,1,900,,4775,0,,,1
901070001,'23268',1100,,4776,0,,,1,930,,4777,0,,,1,170,,4778,0,,,1
901070001,'23269',1000,,4779,0,,,1,130,,4780,0,,,1,985,,4781,0,,,1
901070001,'23270',1115,,4782,0,,,1,130,,4783,0,,,1,1000,,4784,0,,,1
901070001,'23271',1430,,4785,0,,,1
901070001,'23272',1600,,4786,0,,,1
901070001,'23273',1715,,4787,0,,,1
901070001,'23274',1700,,4788,0,,,1,130,,4789,0,,,1
901070001,'23275',700,,4790,0,,,1,900,,4791,0,,,1,230,,4792,0,,,1
901070001,'23276',745,,4793,0,,,1,885,,4794,0,,,1,215,,4795,0,,,1
901070001,'23277',645,,4796,0,,,1,170,,4797,0,,,1,900,,4798,0,,,1,130,,4799,0,,,1
901070001,'23278',700,,4800,0,,,1,145,,4801,0,,,1,900,,4802,0,,,1,170,,4803,0,,,1
901070001,'23279',915,,4804,0,,,1,1200,,4805,0,,,1
901070001,'23280',930,,4806,0,,,1,900,,4807,0,,,1
901070001,'23281',1000,,4808,0,,,1,930,,4809,0,,,1
901070001,'23282',830,,4810,0,,,1,185,,4811,0,,,1,930,,4812,0,,,1,170,,4813,0,,,1
901070001,'23283',915,,4814,0,,,1,130,,4815,0,,,1,1000,,4816,0,,,1
901070001,'23284',1115,,4817,0,,,1,1030,,4818,0,,,1
901070001,'23285',1230,,4819,0,,,1
901070001,'23286',1345,,4820,0,,,1
901070001,'23287',1345,,4821,0,,,1,185,,4822,0,,,1
901070001,'23288',1645,,4823,0,,,1
901070001,'23289',1445,,4824,0,,,1,170,,4825,0,,,1,130,,4826,0,,,1
901070001,'23290',1515,,4827,0,,,1,330,,4828,0,,,1
901070001,'23291',700,,4829,0,,,1,900,,4830,0,,,1,130,,4831,0,,,1,170,,4832,0,,,1
901070001,'23292',730,,4833,0,,,1,1115,,4834,0,,,1,170,,4835,0,,,1
901070001,'23293',645,,4836,0,,,1,170,,4837,0,,,1,1000,,4838,0,,,1,215,,4839,0,,,1
901070001,'23294',845,,4840,0,,,1,1185,,4841,0,,,1
901070001,'23295',930,,4842,0,,,1,1185,,4843,0,,,1
901070001,'23296',1000,,4844,0,,,1,900,,4845,0,,,1,130,,4846,0,,,1
901070001,'23297',915,,4847,0,,,1,130,,4848,0,,,1,955,,4849,0,,,1
901070001,'23298',900,,4850,0,,,1,145,,4851,0,,,1,970,,4852,0,,,1,130,,4853,0,,,1
901070001,'23299',1200,,4854,0,,,1,945,,4855,0,,,1
901070001,'23300',1330,,4856,0,,,1
901070001,'23301',1500,,4857,0,,,1
901070001,'23302',1600,,4858,0,,,1
901070001,'23303',1700,,4859,0,,,1
901070001,'23304',1415,,4860,0,,,1,330,,4861,0,,,1
901070001,'23305',1500,,4862,0,,,1,300,,4863,0,,,1
901070001,'23306',1745,,4864,0,,,1,170,,4865,0,,,1
901070001,'23307',700,,4866,0,,,1,1245,,4867,0,,,1
901070001,'23308',730,,4868,0,,,1,1285,,4869,0,,,1
901070001,'23309',630,,4870,0,,,1,1470,,4871,0,,,1
901070001,'23310',830,,4872,0,,,1,915,,4873,0,,,1,170,,4874,0,,,1
901070001,'23311',730,,4875,0,,,1,170,,4876,0,,,1,915,,4877,0,,,1
901070001,'23312',800,,4878,0,,,1,130,,4879,0,,,1,985,,4880,0,,,1,130,,4881,0,,,1
901070001,'23313',845,,4882,0,,,1,170,,4883,0,,,1,1000,,4884,0,,,1
901070001,'23314',945,,4885,0,,,1,170,,4886,0,,,1,1000,,4887,0,,,1
901070001,'23315',1230,,4888,0,,,1,1000,,4889,0,,,1
901070001,'23316',1330,,4890,0,,,1
901070001,'23317',1500,,4891,0,,,1
901070001,'23318',1245,,4892,0,,,1,355,,4893,0,,,1
901070001,'23319',1330,,4894,0,,,1,270,,4895,0,,,1
901070001,'23320',1800,,4896,0,,,1
901070001,'23321',1900,,4897,0,,,1
901070001,'23322',645,,4898,0,,,1,1300,,4899,0,,,1
901070001,'23323',730,,4900,0,,,1,1200,,4901,0,,,1
901070001,'23324',645,,4902,0,,,1,170,,4903,0,,,1,885,,4904,0,,,1,130,,4905,0,,,1
901070001,'23325',730,,4906,0,,,1,170,,4907,0,,,1,900,,4908,0,,,1
901070001,'23326',800,,4909,0,,,1,200,,4910,0,,,1,900,,4911,0,,,1,130,,4912,0,,,1
901070001,'23327',1100,,4913,0,,,1,915,,4914,0,,,1
901070001,'23328',1200,,4915,0,,,1,945,,4916,0,,,1
901070001,'23329',1315,,4917,0,,,1
901070001,'23330',1430,,4918,0,,,1
901070001,'23331',1530,,4919,0,,,1
901070001,'23332',1330,,4920,0,,,1,300,,4921,0,,,1
901070001,'23333',1415,,4922,0,,,1,200,,4923,0,,,1
901070001,'23334',1815,,4924,0,,,1
901070001,'23335',1845,,4925,0,,,1
901070001,'23336',645,,4926,0,,,1,1270,,4927,0,,,1
901070001,'23337',715,,4928,0,,,1,1215,,4929,0,,,1
901070001,'23338',745,,4930,0,,,1,970,,4931,0,,,1
901070001,'23339',815,,4932,0,,,1,930,,4933,0,,,1
901070001,'23340',845,,4934,0,,,1,985,,4935,0,,,1
901070001,'23341',745,,4936,0,,,1,185,,4937,0,,,1,985,,4938,0,,,1
901070001,'23342',830,,4939,0,,,1,185,,4940,0,,,1,985,,4941,0,,,1
901070001,'23343',915,,4942,0,,,1,185,,4943,0,,,1,1000,,4944,0,,,1
901070001,'23344',1000,,4945,0,,,1,145,,4946,0,,,1,1070,,4947,0,,,1
901070001,'23345',1300,,4948,0,,,1
901070001,'23346',1130,,4949,0,,,1,285,,4950,0,,,1
901070001,'23347',1215,,4951,0,,,1,315,,4952,0,,,1
901070001,'23348',1630,,4953,0,,,1
901070001,'23349',1745,,4954,0,,,1
901070001,'23350',1800,,4955,0,,,1
901070001,'23351',1630,,4956,0,,,1
901070001,'23352',715,,4957,0,,,1,915,,4958,0,,,1
901070001,'23353',815,,4959,0,,,1,985,,4960,0,,,1
901070001,'23354',845,,4961,0,,,1,970,,4962,0,,,1
901070001,'23355',1000,,4963,0,,,1,915,,4964,0,,,1
901070001,'23356',1045,,4965,0,,,1,970,,4966,0,,,1
901070001,'23357',1145,,4967,0,,,1,985,,4968,0,,,1
901070001,'23358',1245,,4969,0,,,1,1000,,4970,0,,,1
