90500000,'14813',730,,1,0,,,2,770,,2,0,,,2
90500000,'14814',730,,3,0,,,2,770,,4,0,,,2
90500000,'14815',730,,5,0,,,2,770,,6,0,,,2
90500000,'14816',730,,7,0,,,2,770,,8,0,,,2
90500000,'14817',730,,9,0,,,2,770,,10,0,,,2
90500000,'14818',730,,11,0,,,2,770,,12,0,,,2
90500001,'14806',1000,,13,1,4,,2,730,,14,1,4,,2
90500001,'14807',1000,,15,1,4,,2,730,,16,1,4,,2
90500001,'14808',1000,,17,1,4,,2,730,,18,1,4,,2
90500001,'14809',1000,,19,1,4,,2,730,,20,1,4,,2
90500001,'14810',1000,,21,1,4,,2,730,,22,1,4,,2
90500001,'14811',1000,,23,1,4,,2,730,,24,1,4,,2
