901030000,'23970',750,,2904,1,4,,1,100,,2903,1,4,,1,100,,2902,1,4,,1,100,,2901,1,4,,1,100,,2900,1,4,,1,100,,2889,1,4,,1,100,,2899,1,4,,1,100,,2898,1,4,,1,100,,2897,1,4,,1,100,,2896,1,4,,1,100,,2895,1,4,,1,100,,2894,1,4,,1,100,,2893,1,4,,1,100,,2892,1,4,,1,100,,2891,1,4,,1,200,,2890,1,4,,1
901030000,'23971',650,,2921,1,4,,1,100,,2920,1,4,,1,100,,2919,1,4,,1,100,,2918,1,4,,1,100,,2917,1,4,,1,100,,2916,1,4,,1,100,,2905,1,4,,1,100,,2915,1,4,,1,100,,2914,1,4,,1,100,,2913,1,4,,1,100,,2912,1,4,,1,100,,2911,1,4,,1,100,,2910,1,4,,1,100,,2909,1,4,,1,100,,2908,1,4,,1,100,,2907,1,4,,1,200,,2906,1,4,,1
901030000,'23972',650,,2938,1,4,,1,100,,2937,1,4,,1,100,,2936,1,4,,1,100,,2935,1,4,,1,100,,2934,1,4,,1,100,,2933,1,4,,1,100,,2922,1,4,,1,100,,2932,1,4,,1,100,,2931,1,4,,1,100,,2930,1,4,,1,100,,2929,1,4,,1,100,,2928,1,4,,1,100,,2927,1,4,,1,100,,2926,1,4,,1,100,,2925,1,4,,1,100,,2924,1,4,,1,200,,2923,1,4,,1
901030000,'23973',650,,2955,1,4,,1,100,,2954,1,4,,1,100,,2953,1,4,,1,100,,2952,1,4,,1,100,,2951,1,4,,1,100,,2950,1,4,,1,100,,2939,1,4,,1,100,,2949,1,4,,1,100,,2948,1,4,,1,100,,2947,1,4,,1,100,,2946,1,4,,1,100,,2945,1,4,,1,100,,2944,1,4,,1,100,,2943,1,4,,1,100,,2942,1,4,,1,100,,2941,1,4,,1,200,,2940,1,4,,1
901030000,'23974',650,,2972,1,4,,1,100,,2971,1,4,,1,100,,2970,1,4,,1,100,,2969,1,4,,1,100,,2968,1,4,,1,100,,2967,1,4,,1,100,,2956,1,4,,1,100,,2966,1,4,,1,100,,2965,1,4,,1,100,,2964,1,4,,1,100,,2963,1,4,,1,100,,2962,1,4,,1,100,,2961,1,4,,1,100,,2960,1,4,,1,100,,2959,1,4,,1,100,,2958,1,4,,1,200,,2957,1,4,,1
901030000,'23975',650,,2989,1,4,,1,100,,2988,1,4,,1,100,,2987,1,4,,1,100,,2986,1,4,,1,100,,2985,1,4,,1,100,,2984,1,4,,1,100,,2973,1,4,,1,100,,2983,1,4,,1,100,,2982,1,4,,1,100,,2981,1,4,,1,100,,2980,1,4,,1,100,,2979,1,4,,1,100,,2978,1,4,,1,100,,2977,1,4,,1,100,,2976,1,4,,1,100,,2975,1,4,,1,200,,2974,1,4,,1
901030000,'23976',750,,3005,1,4,,1,100,,3004,1,4,,1,100,,3003,1,4,,1,100,,3002,1,4,,1,100,,3001,1,4,,1,100,,2990,1,4,,1,100,,3000,1,4,,1,100,,2999,1,4,,1,100,,2998,1,4,,1,100,,2997,1,4,,1,100,,2996,1,4,,1,100,,2995,1,4,,1,100,,2994,1,4,,1,100,,2993,1,4,,1,100,,2992,1,4,,1,200,,2991,1,4,,1
901030000,'23984',750,,3006,1,4,,1,100,,3007,1,4,,1,100,,3008,1,4,,1,200,,3009,1,4,,1,200,,3010,1,4,,1,200,,3011,1,4,,1,100,,3012,1,4,,1,100,,3013,1,4,,1,100,,3014,1,4,,1,200,,3015,1,4,,1,200,,3016,1,4,,1
901030000,'23985',650,,3017,1,4,,1,100,,3018,1,4,,1,100,,3019,1,4,,1,100,,3020,1,4,,1,200,,3021,1,4,,1,200,,3022,1,4,,1,200,,3023,1,4,,1,100,,3024,1,4,,1,100,,3025,1,4,,1,100,,3026,1,4,,1,200,,3027,1,4,,1,200,,3028,1,4,,1
901030000,'23986',650,,3029,1,4,,1,100,,3030,1,4,,1,100,,3031,1,4,,1,100,,3032,1,4,,1,200,,3033,1,4,,1,200,,3034,1,4,,1,200,,3035,1,4,,1,100,,3036,1,4,,1,100,,3037,1,4,,1,100,,3038,1,4,,1,200,,3039,1,4,,1,200,,3040,1,4,,1
901030000,'23987',650,,3041,1,4,,1,100,,3042,1,4,,1,100,,3043,1,4,,1,100,,3044,1,4,,1,200,,3045,1,4,,1,200,,3046,1,4,,1,200,,3047,1,4,,1,100,,3048,1,4,,1,100,,3049,1,4,,1,100,,3050,1,4,,1,200,,3051,1,4,,1,200,,3052,1,4,,1
901030000,'23988',650,,3053,1,4,,1,100,,3054,1,4,,1,100,,3055,1,4,,1,100,,3056,1,4,,1,200,,3057,1,4,,1,200,,3058,1,4,,1,200,,3059,1,4,,1,100,,3060,1,4,,1,100,,3061,1,4,,1,100,,3062,1,4,,1,200,,3063,1,4,,1,200,,3064,1,4,,1
901030000,'23989',650,,3065,1,4,,1,100,,3066,1,4,,1,100,,3067,1,4,,1,100,,3068,1,4,,1,200,,3069,1,4,,1,200,,3070,1,4,,1,200,,3071,1,4,,1,100,,3072,1,4,,1,100,,3073,1,4,,1,100,,3074,1,4,,1,200,,3075,1,4,,1,200,,3076,1,4,,1
901030000,'23990',750,,3077,1,4,,1,100,,3078,1,4,,1,100,,3079,1,4,,1,200,,3080,1,4,,1,200,,3081,1,4,,1,200,,3082,1,4,,1,100,,3083,1,4,,1,100,,3084,1,4,,1,100,,3085,1,4,,1,200,,3086,1,4,,1,200,,3087,1,4,,1
901030000,'24012',750,,3103,1,4,,1,100,,3102,1,4,,1,100,,3101,1,4,,1,100,,3100,1,4,,1,100,,3099,1,4,,1,100,,3088,1,4,,1,100,,3098,1,4,,1,100,,3097,1,4,,1,100,,3096,1,4,,1,100,,3095,1,4,,1,100,,3094,1,4,,1,100,,3093,1,4,,1,100,,3092,1,4,,1,100,,3091,1,4,,1,100,,3090,1,4,,1,200,,3089,1,4,,1
901030000,'24013',650,,3120,1,4,,1,100,,3119,1,4,,1,100,,3118,1,4,,1,100,,3117,1,4,,1,100,,3116,1,4,,1,100,,3115,1,4,,1,100,,3104,1,4,,1,100,,3114,1,4,,1,100,,3113,1,4,,1,100,,3112,1,4,,1,100,,3111,1,4,,1,100,,3110,1,4,,1,100,,3109,1,4,,1,100,,3108,1,4,,1,100,,3107,1,4,,1,100,,3106,1,4,,1,200,,3105,1,4,,1
901030000,'24014',650,,3137,1,4,,1,100,,3136,1,4,,1,100,,3135,1,4,,1,100,,3134,1,4,,1,100,,3133,1,4,,1,100,,3132,1,4,,1,100,,3121,1,4,,1,100,,3131,1,4,,1,100,,3130,1,4,,1,100,,3129,1,4,,1,100,,3128,1,4,,1,100,,3127,1,4,,1,100,,3126,1,4,,1,100,,3125,1,4,,1,100,,3124,1,4,,1,100,,3123,1,4,,1,200,,3122,1,4,,1
901030000,'24015',650,,3154,1,4,,1,100,,3153,1,4,,1,100,,3152,1,4,,1,100,,3151,1,4,,1,100,,3150,1,4,,1,100,,3149,1,4,,1,100,,3138,1,4,,1,100,,3148,1,4,,1,100,,3147,1,4,,1,100,,3146,1,4,,1,100,,3145,1,4,,1,100,,3144,1,4,,1,100,,3143,1,4,,1,100,,3142,1,4,,1,100,,3141,1,4,,1,100,,3140,1,4,,1,200,,3139,1,4,,1
901030000,'24016',650,,3171,1,4,,1,100,,3170,1,4,,1,100,,3169,1,4,,1,100,,3168,1,4,,1,100,,3167,1,4,,1,100,,3166,1,4,,1,100,,3155,1,4,,1,100,,3165,1,4,,1,100,,3164,1,4,,1,100,,3163,1,4,,1,100,,3162,1,4,,1,100,,3161,1,4,,1,100,,3160,1,4,,1,100,,3159,1,4,,1,100,,3158,1,4,,1,100,,3157,1,4,,1,200,,3156,1,4,,1
901030000,'24017',650,,3188,1,4,,1,100,,3187,1,4,,1,100,,3186,1,4,,1,100,,3185,1,4,,1,100,,3184,1,4,,1,100,,3183,1,4,,1,100,,3172,1,4,,1,100,,3182,1,4,,1,100,,3181,1,4,,1,100,,3180,1,4,,1,100,,3179,1,4,,1,100,,3178,1,4,,1,100,,3177,1,4,,1,100,,3176,1,4,,1,100,,3175,1,4,,1,100,,3174,1,4,,1,200,,3173,1,4,,1
901030000,'24018',750,,3204,1,4,,1,100,,3203,1,4,,1,100,,3202,1,4,,1,100,,3201,1,4,,1,100,,3200,1,4,,1,100,,3189,1,4,,1,100,,3199,1,4,,1,100,,3198,1,4,,1,100,,3197,1,4,,1,100,,3196,1,4,,1,100,,3195,1,4,,1,100,,3194,1,4,,1,100,,3193,1,4,,1,100,,3192,1,4,,1,100,,3191,1,4,,1,200,,3190,1,4,,1
901030000,'24476',750,,11607,1,4,,1,100,,11608,1,4,,1,100,,11609,1,4,,1,70,,11610,1,4,,1,30,,11611,1,4,,1,70,,11612,1,4,,1,30,,11613,1,4,,1,70,,11614,1,4,,1,30,,11615,1,4,,1,70,,11616,1,4,,1,30,,11617,1,4,,1,70,,11618,1,4,,1,30,,11619,1,4,,1,70,,11620,1,4,,1,30,,11621,1,4,,1,70,,11622,1,4,,1,30,,11623,1,4,,1,70,,11624,1,4,,1,30,,11625,1,4,,1,70,,11626,1,4,,1,30,,11627,1,4,,1,100,,11628,1,4,,1,100,,11629,1,4,,1,100,,11630,1,4,,1,100,,11631,1,4,,1,100,,11632,1,4,,1
901030000,'24477',650,,11659,1,4,,1,100,,11658,1,4,,1,100,,11657,1,4,,1,100,,11656,1,4,,1,70,,11633,1,4,,1,30,,11655,1,4,,1,70,,11654,1,4,,1,30,,11653,1,4,,1,70,,11652,1,4,,1,30,,11651,1,4,,1,70,,11650,1,4,,1,30,,11649,1,4,,1,70,,11648,1,4,,1,30,,11647,1,4,,1,70,,11646,1,4,,1,30,,11645,1,4,,1,70,,11644,1,4,,1,30,,11643,1,4,,1,70,,11642,1,4,,1,30,,11641,1,4,,1,70,,11640,1,4,,1,30,,11639,1,4,,1,100,,11638,1,4,,1,100,,11637,1,4,,1,100,,11636,1,4,,1,100,,11635,1,4,,1,100,,11634,1,4,,1
901030000,'24478',650,,11686,1,4,,1,100,,11685,1,4,,1,100,,11684,1,4,,1,100,,11683,1,4,,1,70,,11660,1,4,,1,30,,11682,1,4,,1,70,,11681,1,4,,1,30,,11680,1,4,,1,70,,11679,1,4,,1,30,,11678,1,4,,1,70,,11677,1,4,,1,30,,11676,1,4,,1,70,,11675,1,4,,1,30,,11674,1,4,,1,70,,11673,1,4,,1,30,,11672,1,4,,1,70,,11671,1,4,,1,30,,11670,1,4,,1,70,,11669,1,4,,1,30,,11668,1,4,,1,70,,11667,1,4,,1,30,,11666,1,4,,1,100,,11665,1,4,,1,100,,11664,1,4,,1,100,,11663,1,4,,1,100,,11662,1,4,,1,100,,11661,1,4,,1
901030000,'24479',650,,11713,1,4,,1,100,,11712,1,4,,1,100,,11711,1,4,,1,100,,11710,1,4,,1,70,,11687,1,4,,1,30,,11709,1,4,,1,70,,11708,1,4,,1,30,,11707,1,4,,1,70,,11706,1,4,,1,30,,11705,1,4,,1,70,,11704,1,4,,1,30,,11703,1,4,,1,70,,11702,1,4,,1,30,,11701,1,4,,1,70,,11700,1,4,,1,30,,11699,1,4,,1,70,,11698,1,4,,1,30,,11697,1,4,,1,70,,11696,1,4,,1,30,,11695,1,4,,1,70,,11694,1,4,,1,30,,11693,1,4,,1,100,,11692,1,4,,1,100,,11691,1,4,,1,100,,11690,1,4,,1,100,,11689,1,4,,1,100,,11688,1,4,,1
901030000,'24480',650,,11740,1,4,,1,100,,11739,1,4,,1,100,,11738,1,4,,1,100,,11737,1,4,,1,70,,11714,1,4,,1,30,,11736,1,4,,1,70,,11735,1,4,,1,30,,11734,1,4,,1,70,,11733,1,4,,1,30,,11732,1,4,,1,70,,11731,1,4,,1,30,,11730,1,4,,1,70,,11729,1,4,,1,30,,11728,1,4,,1,70,,11727,1,4,,1,30,,11726,1,4,,1,70,,11725,1,4,,1,30,,11724,1,4,,1,70,,11723,1,4,,1,30,,11722,1,4,,1,70,,11721,1,4,,1,30,,11720,1,4,,1,100,,11719,1,4,,1,100,,11718,1,4,,1,100,,11717,1,4,,1,100,,11716,1,4,,1,100,,11715,1,4,,1
901030000,'24481',650,,11767,1,4,,1,100,,11766,1,4,,1,100,,11765,1,4,,1,100,,11764,1,4,,1,70,,11741,1,4,,1,30,,11763,1,4,,1,70,,11762,1,4,,1,30,,11761,1,4,,1,70,,11760,1,4,,1,30,,11759,1,4,,1,70,,11758,1,4,,1,30,,11757,1,4,,1,70,,11756,1,4,,1,30,,11755,1,4,,1,70,,11754,1,4,,1,30,,11753,1,4,,1,70,,11752,1,4,,1,30,,11751,1,4,,1,70,,11750,1,4,,1,30,,11749,1,4,,1,70,,11748,1,4,,1,30,,11747,1,4,,1,100,,11746,1,4,,1,100,,11745,1,4,,1,100,,11744,1,4,,1,100,,11743,1,4,,1,100,,11742,1,4,,1
901030000,'24482',750,,11768,1,4,,1,100,,11769,1,4,,1,100,,11770,1,4,,1,70,,11771,1,4,,1,30,,11772,1,4,,1,70,,11773,1,4,,1,30,,11774,1,4,,1,70,,11775,1,4,,1,30,,11776,1,4,,1,70,,11777,1,4,,1,30,,11778,1,4,,1,70,,11779,1,4,,1,30,,11780,1,4,,1,70,,11781,1,4,,1,30,,11782,1,4,,1,70,,11783,1,4,,1,30,,11784,1,4,,1,70,,11785,1,4,,1,30,,11786,1,4,,1,70,,11787,1,4,,1,30,,11788,1,4,,1,100,,11789,1,4,,1,100,,11790,1,4,,1,100,,11791,1,4,,1,100,,11792,1,4,,1,100,,11793,1,4,,1
901030001,'23963',700,,3470,0,,,1,100,,3469,0,,,1,100,,3468,0,,,1,100,,3467,0,,,1,100,,3466,0,,,1,100,,3455,0,,,1,100,,3465,0,,,1,100,,3464,0,,,1,100,,3463,0,,,1,100,,3462,0,,,1,100,,3461,0,,,1,100,,3460,0,,,1,100,,3459,0,,,1,100,,3458,0,,,1,100,,3457,0,,,1,200,,3456,0,,,1
901030001,'23964',600,,3471,0,,,1,100,,3472,0,,,1,100,,3473,0,,,1,100,,3474,0,,,1,100,,3475,0,,,1,100,,3476,0,,,1,100,,3487,0,,,1,100,,3477,0,,,1,100,,3478,0,,,1,100,,3479,0,,,1,100,,3480,0,,,1,100,,3481,0,,,1,100,,3482,0,,,1,100,,3483,0,,,1,100,,3484,0,,,1,100,,3485,0,,,1,200,,3486,0,,,1
901030001,'23965',600,,3488,0,,,1,100,,3489,0,,,1,100,,3490,0,,,1,100,,3491,0,,,1,100,,3492,0,,,1,100,,3493,0,,,1,100,,3504,0,,,1,100,,3494,0,,,1,100,,3495,0,,,1,100,,3496,0,,,1,100,,3497,0,,,1,100,,3498,0,,,1,100,,3499,0,,,1,100,,3500,0,,,1,100,,3501,0,,,1,100,,3502,0,,,1,200,,3503,0,,,1
901030001,'23966',600,,3505,0,,,1,100,,3506,0,,,1,100,,3507,0,,,1,100,,3508,0,,,1,100,,3509,0,,,1,100,,3510,0,,,1,100,,3521,0,,,1,100,,3511,0,,,1,100,,3512,0,,,1,100,,3513,0,,,1,100,,3514,0,,,1,100,,3515,0,,,1,100,,3516,0,,,1,100,,3517,0,,,1,100,,3518,0,,,1,100,,3519,0,,,1,200,,3520,0,,,1
901030001,'23967',600,,3522,0,,,1,100,,3523,0,,,1,100,,3524,0,,,1,100,,3525,0,,,1,100,,3526,0,,,1,100,,3527,0,,,1,100,,3538,0,,,1,100,,3528,0,,,1,100,,3529,0,,,1,100,,3530,0,,,1,100,,3531,0,,,1,100,,3532,0,,,1,100,,3533,0,,,1,100,,3534,0,,,1,100,,3535,0,,,1,100,,3536,0,,,1,200,,3537,0,,,1
901030001,'23968',600,,3539,0,,,1,100,,3540,0,,,1,100,,3541,0,,,1,100,,3542,0,,,1,100,,3543,0,,,1,100,,3544,0,,,1,100,,3555,0,,,1,100,,3545,0,,,1,100,,3546,0,,,1,100,,3547,0,,,1,100,,3548,0,,,1,100,,3549,0,,,1,100,,3550,0,,,1,100,,3551,0,,,1,100,,3552,0,,,1,100,,3553,0,,,1,200,,3554,0,,,1
901030001,'23969',700,,3571,0,,,1,100,,3570,0,,,1,100,,3569,0,,,1,100,,3568,0,,,1,100,,3567,0,,,1,100,,3556,0,,,1,100,,3566,0,,,1,100,,3565,0,,,1,100,,3564,0,,,1,100,,3563,0,,,1,100,,3562,0,,,1,100,,3561,0,,,1,100,,3560,0,,,1,100,,3559,0,,,1,100,,3558,0,,,1,200,,3557,0,,,1
901030001,'23977',700,,3572,0,,,1,100,,3573,0,,,1,100,,3574,0,,,1,200,,3575,0,,,1,200,,3576,0,,,1,200,,3577,0,,,1,100,,3578,0,,,1,100,,3579,0,,,1,100,,3580,0,,,1,200,,3581,0,,,1,200,,3582,0,,,1
901030001,'23978',600,,3583,0,,,1,100,,3584,0,,,1,100,,3585,0,,,1,100,,3586,0,,,1,200,,3587,0,,,1,200,,3588,0,,,1,200,,3589,0,,,1,100,,3590,0,,,1,100,,3591,0,,,1,100,,3592,0,,,1,200,,3593,0,,,1,200,,3594,0,,,1
901030001,'23979',600,,3595,0,,,1,100,,3596,0,,,1,100,,3597,0,,,1,100,,3598,0,,,1,200,,3599,0,,,1,200,,3600,0,,,1,200,,3601,0,,,1,100,,3602,0,,,1,100,,3603,0,,,1,100,,3604,0,,,1,200,,3605,0,,,1,200,,3606,0,,,1
901030001,'23980',600,,3607,0,,,1,100,,3608,0,,,1,100,,3609,0,,,1,100,,3610,0,,,1,200,,3611,0,,,1,200,,3612,0,,,1,200,,3613,0,,,1,100,,3614,0,,,1,100,,3615,0,,,1,100,,3616,0,,,1,200,,3617,0,,,1,200,,3618,0,,,1
901030001,'23981',600,,3619,0,,,1,100,,3620,0,,,1,100,,3621,0,,,1,100,,3622,0,,,1,200,,3623,0,,,1,200,,3624,0,,,1,200,,3625,0,,,1,100,,3626,0,,,1,100,,3627,0,,,1,100,,3628,0,,,1,200,,3629,0,,,1,200,,3630,0,,,1
901030001,'23982',600,,3631,0,,,1,100,,3632,0,,,1,100,,3633,0,,,1,100,,3634,0,,,1,200,,3635,0,,,1,200,,3636,0,,,1,200,,3637,0,,,1,100,,3638,0,,,1,100,,3639,0,,,1,100,,3640,0,,,1,200,,3641,0,,,1,200,,3642,0,,,1
901030001,'23983',700,,3643,0,,,1,100,,3644,0,,,1,100,,3645,0,,,1,200,,3646,0,,,1,200,,3647,0,,,1,200,,3648,0,,,1,100,,3649,0,,,1,100,,3650,0,,,1,100,,3651,0,,,1,200,,3652,0,,,1,200,,3653,0,,,1
901030001,'24005',700,,3669,0,,,1,100,,3668,0,,,1,100,,3667,0,,,1,100,,3666,0,,,1,100,,3665,0,,,1,100,,3654,0,,,1,100,,3664,0,,,1,100,,3663,0,,,1,100,,3662,0,,,1,100,,3661,0,,,1,100,,3660,0,,,1,100,,3659,0,,,1,100,,3658,0,,,1,100,,3657,0,,,1,100,,3656,0,,,1,200,,3655,0,,,1
901030001,'24006',600,,3686,0,,,1,100,,3685,0,,,1,100,,3684,0,,,1,100,,3683,0,,,1,100,,3682,0,,,1,100,,3681,0,,,1,100,,3670,0,,,1,100,,3680,0,,,1,100,,3679,0,,,1,100,,3678,0,,,1,100,,3677,0,,,1,100,,3676,0,,,1,100,,3675,0,,,1,100,,3674,0,,,1,100,,3673,0,,,1,100,,3672,0,,,1,200,,3671,0,,,1
901030001,'24007',600,,3703,0,,,1,100,,3702,0,,,1,100,,3701,0,,,1,100,,3700,0,,,1,100,,3699,0,,,1,100,,3698,0,,,1,100,,3687,0,,,1,100,,3697,0,,,1,100,,3696,0,,,1,100,,3695,0,,,1,100,,3694,0,,,1,100,,3693,0,,,1,100,,3692,0,,,1,100,,3691,0,,,1,100,,3690,0,,,1,100,,3689,0,,,1,200,,3688,0,,,1
901030001,'24008',600,,3720,0,,,1,100,,3719,0,,,1,100,,3718,0,,,1,100,,3717,0,,,1,100,,3716,0,,,1,100,,3715,0,,,1,100,,3704,0,,,1,100,,3714,0,,,1,100,,3713,0,,,1,100,,3712,0,,,1,100,,3711,0,,,1,100,,3710,0,,,1,100,,3709,0,,,1,100,,3708,0,,,1,100,,3707,0,,,1,100,,3706,0,,,1,200,,3705,0,,,1
901030001,'24009',600,,3737,0,,,1,100,,3736,0,,,1,100,,3735,0,,,1,100,,3734,0,,,1,100,,3733,0,,,1,100,,3732,0,,,1,100,,3721,0,,,1,100,,3731,0,,,1,100,,3730,0,,,1,100,,3729,0,,,1,100,,3728,0,,,1,100,,3727,0,,,1,100,,3726,0,,,1,100,,3725,0,,,1,100,,3724,0,,,1,100,,3723,0,,,1,200,,3722,0,,,1
901030001,'24010',600,,3754,0,,,1,100,,3753,0,,,1,100,,3752,0,,,1,100,,3751,0,,,1,100,,3750,0,,,1,100,,3749,0,,,1,100,,3738,0,,,1,100,,3748,0,,,1,100,,3747,0,,,1,100,,3746,0,,,1,100,,3745,0,,,1,100,,3744,0,,,1,100,,3743,0,,,1,100,,3742,0,,,1,100,,3741,0,,,1,100,,3740,0,,,1,200,,3739,0,,,1
901030001,'24011',700,,3770,0,,,1,100,,3769,0,,,1,100,,3768,0,,,1,100,,3767,0,,,1,100,,3766,0,,,1,100,,3755,0,,,1,100,,3765,0,,,1,100,,3764,0,,,1,100,,3763,0,,,1,100,,3762,0,,,1,100,,3761,0,,,1,100,,3760,0,,,1,100,,3759,0,,,1,100,,3758,0,,,1,100,,3757,0,,,1,200,,3756,0,,,1
901030001,'24469',700,,11794,0,,,1,100,,11795,0,,,1,100,,11796,0,,,1,30,,11797,0,,,1,70,,11798,0,,,1,30,,11799,0,,,1,70,,11800,0,,,1,30,,11801,0,,,1,70,,11802,0,,,1,30,,11803,0,,,1,70,,11804,0,,,1,30,,11805,0,,,1,70,,11806,0,,,1,30,,11807,0,,,1,70,,11808,0,,,1,30,,11809,0,,,1,70,,11810,0,,,1,30,,11811,0,,,1,70,,11812,0,,,1,30,,11813,0,,,1,70,,11814,0,,,1,100,,11815,0,,,1,100,,11816,0,,,1,100,,11817,0,,,1,100,,11818,0,,,1,100,,11819,0,,,1
901030001,'24470',600,,11846,0,,,1,100,,11845,0,,,1,100,,11844,0,,,1,100,,11843,0,,,1,30,,11820,0,,,1,70,,11842,0,,,1,30,,11841,0,,,1,70,,11840,0,,,1,30,,11839,0,,,1,70,,11838,0,,,1,30,,11837,0,,,1,70,,11836,0,,,1,30,,11835,0,,,1,70,,11834,0,,,1,30,,11833,0,,,1,70,,11832,0,,,1,30,,11831,0,,,1,70,,11830,0,,,1,30,,11829,0,,,1,70,,11828,0,,,1,30,,11827,0,,,1,70,,11826,0,,,1,100,,11825,0,,,1,100,,11824,0,,,1,100,,11823,0,,,1,100,,11822,0,,,1,100,,11821,0,,,1
901030001,'24471',600,,11847,0,,,1,100,,11848,0,,,1,100,,11849,0,,,1,100,,11850,0,,,1,30,,11873,0,,,1,70,,11851,0,,,1,30,,11852,0,,,1,70,,11853,0,,,1,30,,11854,0,,,1,70,,11855,0,,,1,30,,11856,0,,,1,70,,11857,0,,,1,30,,11858,0,,,1,70,,11859,0,,,1,30,,11860,0,,,1,70,,11861,0,,,1,30,,11862,0,,,1,70,,11863,0,,,1,30,,11864,0,,,1,70,,11865,0,,,1,30,,11866,0,,,1,70,,11867,0,,,1,100,,11868,0,,,1,100,,11869,0,,,1,100,,11870,0,,,1,100,,11871,0,,,1,100,,11872,0,,,1
901030001,'24472',600,,11874,0,,,1,100,,11875,0,,,1,100,,11876,0,,,1,100,,11877,0,,,1,30,,11900,0,,,1,70,,11878,0,,,1,30,,11879,0,,,1,70,,11880,0,,,1,30,,11881,0,,,1,70,,11882,0,,,1,30,,11883,0,,,1,70,,11884,0,,,1,30,,11885,0,,,1,70,,11886,0,,,1,30,,11887,0,,,1,70,,11888,0,,,1,30,,11889,0,,,1,70,,11890,0,,,1,30,,11891,0,,,1,70,,11892,0,,,1,30,,11893,0,,,1,70,,11894,0,,,1,100,,11895,0,,,1,100,,11896,0,,,1,100,,11897,0,,,1,100,,11898,0,,,1,100,,11899,0,,,1
901030001,'24473',600,,11927,0,,,1,100,,11926,0,,,1,100,,11925,0,,,1,100,,11924,0,,,1,30,,11901,0,,,1,70,,11923,0,,,1,30,,11922,0,,,1,70,,11921,0,,,1,30,,11920,0,,,1,70,,11919,0,,,1,30,,11918,0,,,1,70,,11917,0,,,1,30,,11916,0,,,1,70,,11915,0,,,1,30,,11914,0,,,1,70,,11913,0,,,1,30,,11912,0,,,1,70,,11911,0,,,1,30,,11910,0,,,1,70,,11909,0,,,1,30,,11908,0,,,1,70,,11907,0,,,1,100,,11906,0,,,1,100,,11905,0,,,1,100,,11904,0,,,1,100,,11903,0,,,1,100,,11902,0,,,1
901030001,'24474',600,,11954,0,,,1,100,,11953,0,,,1,100,,11952,0,,,1,100,,11951,0,,,1,30,,11928,0,,,1,70,,11950,0,,,1,30,,11949,0,,,1,70,,11948,0,,,1,30,,11947,0,,,1,70,,11946,0,,,1,30,,11945,0,,,1,70,,11944,0,,,1,30,,11943,0,,,1,70,,11942,0,,,1,30,,11941,0,,,1,70,,11940,0,,,1,30,,11939,0,,,1,70,,11938,0,,,1,30,,11937,0,,,1,70,,11936,0,,,1,30,,11935,0,,,1,70,,11934,0,,,1,100,,11933,0,,,1,100,,11932,0,,,1,100,,11931,0,,,1,100,,11930,0,,,1,100,,11929,0,,,1
901030001,'24475',700,,11955,0,,,1,100,,11956,0,,,1,100,,11957,0,,,1,30,,11958,0,,,1,70,,11959,0,,,1,30,,11960,0,,,1,70,,11961,0,,,1,30,,11962,0,,,1,70,,11963,0,,,1,30,,11964,0,,,1,70,,11965,0,,,1,30,,11966,0,,,1,70,,11967,0,,,1,30,,11968,0,,,1,70,,11969,0,,,1,30,,11970,0,,,1,70,,11971,0,,,1,30,,11972,0,,,1,70,,11973,0,,,1,30,,11974,0,,,1,70,,11975,0,,,1,100,,11976,0,,,1,100,,11977,0,,,1,100,,11978,0,,,1,100,,11979,0,,,1,100,,11980,0,,,1
