90500001,0,'Cap-Aux-Meules',905000
90500000,0,'Ile D''Entrée',905000
92200001,0,'Départ Village',922000
92200000,0,'Départ Île',922000
132370001,0,'Baie-Comeau/Godbout',1323700
132370000,0,'Matane',1323700
171200001,0,'Lévis',1712000
171200000,0,'Québec',1712000
808030001,0,'Chevery',8080300
808030000,0,'Harrington Harbour',8080300
901030000,0,'L''Isle-Aux-Coudres',9010300
901030001,0,'St-Joseph-De-La-Rive',9010300
901070001,0,'L''Isle-Aux-Grues',9010700
901070000,0,'Montmagny',9010700
1819010001,0,'Pakuashipi',18190100
1819010000,0,'Saint-Augustin',18190100
1920091201,0,'Saint-Ignace-De-Loyola',19200912
1920091200,0,'Sorel-Tracy',19200912
2021930001,0,'Baie-Sainte-Catherine',20219300
2021930000,0,'Tadoussac',20219300
